1.500000000000000000e+00,2.305257957836370775e-01,4.878800395809842483e-01,2.775882535917305605e-01,4.238933790375105093e-01,3.524592673400492315e-01,3.873735886141158047e-01,1.179397090896485006e-01,2.402557030384219472e-01,3.462062812494706154e-01,3.244621559438510827e-01,3.843769654867561225e-02,3.106113547832487498e-01,3.119818702918745190e-01,3.963975371582242890e-01,3.898942549103979749e-01,3.010973498725608710e-01,3.982997879594595281e-01,2.637578561183563375e-01,2.302786917173083869e-01,5.622405420381551000e-01,3.492669499252208931e-01,3.821066871694399625e-01,2.133289141946589362e-01,3.399434536681469332e-01,1.474209626241453075e-01,1.073020868582333920e-01,2.886230214673413119e-01,1.874094630806500683e-01,8.495225259007484209e-02,1.276958010612138372e-01,2.023146058919610690e-01,2.507664920431598721e-01,1.794887135524956545e-01,1.329073684809283507e-01,1.163122676180813331e-01,3.402697657357622862e-02,2.537033415747091403e-01,1.582671464686383200e-01,2.002244068037510039e-01,1.884226640390548324e-01,1.891091379768023439e-01,1.193351578926686446e-01,1.589119400061909659e-01,2.412210952906356787e-01,2.460051813405688403e-01,1.604653019648873968e-01,2.172976675988507467e-01,1.860785741412857297e-01,2.269110383133922659e-01,2.007847627556867964e-01,1.055900525727396233e-01,2.896204499813785915e-01,1.888376871658742351e-01,2.338509274835849083e-01,3.511734931886970057e-01,2.278745403421128524e-01,1.035860488816168629e-01,2.065758762296830697e-01,2.172576392481031515e-01,1.562705512787742057e-01,1.706416064023172363e-01,1.686214143297350976e-01,1.147685042133072958e-01,2.949607491848089680e-01,2.169210841815589763e-01,1.907573928935099028e-01,2.000966801471747714e-01
2.305257957836370775e-01,1.500000000000000000e+00,3.131688550909118574e-01,2.260019442647413501e-01,3.004316255598935559e-01,2.225486421940706949e-01,4.223131118064856748e-01,4.751981766144063313e-01,3.356704585638061733e-01,1.642514131230540797e-01,2.185741334800307134e-01,4.239669617996465467e-01,3.882907001540332192e-01,4.528473783271331210e-01,2.367839753422024685e-01,4.273728802095345669e-01,3.599562872116963130e-01,4.338023177426879595e-01,5.213111068611642196e-01,2.387105615490675570e-01,2.308311189153436915e-01,5.282788115464864820e-01,3.363098868451163126e-01,2.045214269163982135e-02,3.357024763278198543e-01,8.179925374234776198e-03,3.531782853332197242e-02,1.999749441864007160e-01,1.872631823200688883e-01,1.177852581434273155e-01,1.315564685840799330e-01,2.033770089976624784e-01,2.466212550862215414e-01,1.444247950256666302e-01,2.976549218404174191e-01,1.130985332341159361e-01,2.828588446585169613e-01,8.706820311979257543e-02,6.308967217895525281e-02,3.615319699148560328e-01,6.354844521559960269e-02,1.461342851699788392e-01,2.117511719260642689e-01,2.407212672470007142e-01,1.252792729992472653e-01,2.471880094189837229e-01,2.304492734266517240e-01,1.767718342196034909e-01,6.105897488466720952e-02,2.438416748021616787e-01,1.877363181840470963e-01,1.975418924821238098e-01,9.385270423762062664e-02,2.459785305880414774e-01,3.541671282180787472e-02,4.886109574684963097e-02,1.270374072818459821e-01,1.643349802973120277e-01,2.724669524974944190e-01,2.214298277708727225e-01,1.175758769048218383e-01,2.190267025204321871e-01,1.658778962294453763e-01,1.851194903879850306e-01,9.707112830222247579e-02,2.648774487530277111e-01,1.861924431920183587e-01,1.615084189272732729e-01
4.878800395809842483e-01,3.131688550909118574e-01,1.500000000000000000e+00,1.278604952008058349e-01,1.848139759446019992e-01,2.874943420327251697e-01,2.935555372284041065e-01,4.643486519045809668e-01,4.102652926585260706e-01,2.882639572075489931e-01,4.640224536774810171e-01,2.301277144908541183e-01,1.963488825477485433e-01,4.247085004100921712e-01,3.529694072671662464e-01,1.653241756803122686e-01,3.688449324529602391e-01,1.542594636825873056e-01,4.443480951739280371e-01,3.112434796930875214e-01,2.221433360434020565e-01,4.036517709206441373e-01,1.296017815178605315e-01,3.550073978311379941e-01,5.761161546762942620e-02,1.998560712205566525e-01,1.464635824273908538e-01,2.820582027627203114e-01,1.847401184746099434e-01,1.838538299303160151e-01,2.940953975732131243e-01,3.082244905667666512e-01,1.710043349129827528e-01,2.481262151564588292e-01,2.376785875516737589e-01,8.234516177746367682e-02,3.913282797219796993e-02,2.412502875271938518e-01,3.154652723425298011e-01,2.162682980151783840e-01,7.758921496755720459e-02,1.958779442518819858e-01,3.551833222079185948e-01,1.447402028547196406e-01,7.143514792382631151e-02,7.991359745433589123e-02,3.076851881977373249e-01,3.612829572215332519e-01,1.017851467150354683e-02,5.909135164731420947e-02,2.547482998760761674e-01,1.312217304076185309e-01,2.087239063985293908e-01,1.665295164251732740e-01,2.581186644892616289e-01,1.667616221143788380e-01,1.939694453969325050e-01,2.395012490581986397e-01,1.492743013875835190e-01,3.517763642489223352e-01,9.966131207786466106e-02,1.880066778760678403e-01,1.896190511483153984e-01,1.341693182389675776e-01,8.050520760581419966e-02,2.543194673740820089e-01,1.710369326141511492e-01,2.340153167733647344e-01
2.775882535917305605e-01,2.260019442647413501e-01,1.278604952008058349e-01,1.500000000000000000e+00,4.771994324633685447e-01,3.215098346099318216e-01,3.547813257288189859e-01,1.238527769418850399e-01,1.346422166721293334e-01,4.279015650703084095e-01,1.467183336764428248e-01,3.707010875938979710e-01,3.070993820326124446e-01,3.848587654920905821e-01,2.681898415262830571e-01,3.889258188581515840e-01,4.016801909544416849e-01,4.976910696312284998e-01,3.710474567209569030e-01,2.552538892929079317e-01,5.259670201158512803e-01,4.680282779933556681e-01,1.295189996025032375e-01,2.659156602720212370e-01,1.633384761574138977e-01,2.621087672454826545e-01,1.426791268226737519e-01,1.823926353736903538e-01,1.064548971254022230e-01,1.690860982104152033e-01,3.169661597108927586e-01,1.759613955405710806e-01,2.649114089468581623e-01,9.475872534702189931e-02,2.238271910299926004e-01,1.639509012328600190e-01,1.405798756876021904e-01,2.338237377302658793e-01,1.237114395246698972e-01,2.363109578021023727e-01,3.917556630283512697e-02,1.838865176478745311e-01,1.940092255487121387e-01,6.403340164376554455e-02,2.183523642401167253e-01,3.334499558247874251e-01,2.212946278788870125e-01,1.915652266383393865e-01,2.339736554458417273e-01,9.275753502467701250e-02,3.502798459789576713e-01,1.748797074896005777e-01,1.153885014114386098e-01,3.262091121179111486e-01,3.174437574357678038e-01,2.904805623381531143e-01,8.185730227508841716e-02,1.742058712688031585e-01,1.324671706249883063e-01,1.494447155321901310e-01,1.195175101233631049e-01,2.070022289730482357e-01,1.889642340853937286e-01,2.034638403875805857e-01,2.061384558518461751e-01,1.863618036144340795e-01,1.370649686317527982e-01,2.701557165686154227e-01
4.238933790375105093e-01,3.004316255598935559e-01,1.848139759446019992e-01,4.771994324633685447e-01,1.500000000000000000e+00,2.210982684146896027e-01,1.826267033149512331e-01,3.935785317686503193e-01,2.419681139524859081e-01,5.884801177522436255e-02,2.585604182924114980e-01,3.366497320560283280e-01,2.821912674576089186e-01,1.699504270733012690e-01,3.365318153028513115e-01,3.454638346683590600e-01,3.159313542097126337e-01,1.709583374334730510e-01,4.959750714197087573e-01,2.926501193667626621e-01,1.373957077923730619e-01,3.644125014792811701e-01,1.935780747577923733e-01,2.828294266915608590e-01,1.345866886464160417e-01,2.137567323498581751e-01,6.987999090613253306e-02,2.639992567814727353e-01,3.002774839005569740e-01,2.803564954989831159e-01,1.520471884244268823e-01,2.097392671640293249e-01,5.593266529373473739e-02,2.290850576148927287e-01,1.706397014292768688e-01,3.255837906291187411e-01,1.492452238614384863e-01,3.668751859023456907e-01,1.251358330216778281e-01,2.877102326905190410e-01,6.462032822200843019e-02,2.465802603273684057e-01,1.014339814118039168e-01,2.026506812581152783e-01,1.028562607777972482e-01,1.292301561296784751e-01,1.930944265747978894e-01,1.262877698527868908e-01,1.516652857604341466e-02,9.462317268987918695e-02,1.571838624747177726e-01,2.688682478773213314e-01,2.446600519756526038e-01,2.312393505062485810e-01,1.776614998936049683e-01,2.012124302458576652e-01,2.134476107057409200e-01,3.027455177646889983e-01,2.233406887099808613e-01,1.076377570228095465e-01,8.500919162437819976e-02,3.160568958132565220e-01,3.628330853328780026e-01,1.326844896486035763e-01,2.333186725169126841e-01,2.154002933719127433e-01,2.395571746795148449e-01,1.231427311276827030e-01
3.524592673400492315e-01,2.225486421940706949e-01,2.874943420327251697e-01,3.215098346099318216e-01,2.210982684146896027e-01,1.500000000000000000e+00,3.547699111807074424e-01,3.050355663029565845e-01,3.972217471702285119e-01,3.828909334424257516e-01,3.963799105687814128e-01,3.773692954476455252e-01,4.009441727002546196e-01,1.973689044527938696e-01,4.667384941364488005e-01,1.259229045073956554e-01,4.718111883836244580e-01,3.109429840158773883e-01,3.238944959860076134e-01,3.367351422253653803e-01,6.221148832728429744e-03,2.840762852641494640e-01,4.605103066971543563e-02,1.049006884881133056e-01,1.692131522266445143e-01,3.020691713280236335e-01,2.408513909376472362e-01,1.018729955686938776e-01,2.304062884349920293e-01,4.998403922464236815e-02,8.605830667773138598e-02,2.479794969693867590e-01,2.268786010056969560e-01,1.931400017090253440e-01,2.151820680801002639e-01,2.160170901061445325e-01,1.319031113886044437e-01,3.034937389123740781e-01,3.391068824493801981e-01,3.193513998934404130e-01,1.504474436026954631e-01,3.109976864350155745e-01,2.722153804869044680e-01,1.944417732752556360e-01,2.219816589610018320e-01,7.408618503490307927e-02,1.279559288010144180e-01,2.553490627135084345e-01,1.148070683345237264e-01,1.526114012641723028e-01,1.931122115601627831e-01,1.978592403283005452e-01,2.350016333263898471e-01,1.580995732928568431e-01,1.207119560796345720e-01,1.716175136061078021e-01,2.981786819602663119e-01,1.894826182475615739e-01,1.008068566934440941e-01,1.959552489417135113e-01,1.571327732271816657e-01,1.520762500361428349e-01,2.181746210838047262e-01,2.627940503305090658e-01,1.010179028490002101e-01,6.036943024859291879e-02,1.851335919035241862e-01,8.455557169491903502e-02
3.873735886141158047e-01,4.223131118064856748e-01,2.935555372284041065e-01,3.547813257288189859e-01,1.826267033149512331e-01,3.547699111807074424e-01,1.500000000000000000e+00,1.369009681512646792e-01,2.957258275067264353e-01,4.036083072194307508e-01,4.295145042842767880e-01,8.457283870672527293e-02,3.599592148055065777e-01,3.281777490866031877e-01,1.804953244504872711e-01,3.052858583388647906e-01,4.965496507219827604e-01,5.297077205313129034e-02,2.753022412461401114e-01,2.791113337178043330e-01,5.196203135530280681e-01,2.366943827309452575e-01,2.571763123070659462e-01,2.191522484609023935e-01,1.907582747558469183e-01,3.127599645971803621e-01,8.679362310335243802e-02,1.759595554998812927e-01,2.644380911647042226e-02,2.610871226974122994e-01,2.141743220456732988e-01,4.073679525081546487e-02,2.224851321818532013e-01,1.962209492465092631e-01,1.010814666145913171e-01,2.332767845515349436e-01,3.153629128014182603e-01,3.059066933696937829e-01,3.048931699970869880e-01,1.781805490308423501e-01,2.514255739618596053e-01,3.539290920421288567e-01,2.966265891340997274e-01,2.865505370951905717e-01,3.023783850747340241e-01,1.390343633956064029e-01,2.016765443194719898e-01,2.258969117013827077e-01,2.570192305032116264e-01,1.610020652853465795e-01,2.412762826414050488e-01,2.258781301059015756e-01,2.324194537607047750e-01,2.008308893226721237e-01,1.161362696281865725e-01,3.137147889978220139e-01,2.739747767529296940e-01,2.544158943330213640e-01,1.356134310017390598e-01,1.948688191003492554e-01,1.763594711481620558e-01,1.693303539878980024e-01,9.470526206899776422e-02,6.138564126406678007e-02,2.897354248359647055e-01,8.859999556579881141e-02,2.826420891399387125e-01,1.145915895276658630e-01
1.179397090896485006e-01,4.751981766144063313e-01,4.643486519045809668e-01,1.238527769418850399e-01,3.935785317686503193e-01,3.050355663029565845e-01,1.369009681512646792e-01,1.500000000000000000e+00,3.862261052509634585e-01,5.366554416161177787e-01,4.865039100674643513e-01,2.110613576773621713e-01,2.267489949267527116e-01,3.165842959982081983e-01,4.254630236257750941e-01,2.475380288021588049e-01,3.863240499149641072e-01,2.975735360051254830e-01,3.513964217420138536e-01,2.017010919719950113e-01,4.742229138315340320e-01,1.343085984059576021e-01,2.818881536147893607e-01,2.530184308381930314e-01,2.239251313599522064e-01,1.501714628420218467e-01,2.937632680061599277e-01,1.866138072361784028e-01,8.586873651228932314e-02,2.286896592958673757e-01,1.217638282108843423e-01,1.337811310473329962e-01,2.066167113601267147e-01,2.145641660988507060e-01,2.627377686005339941e-01,3.518010763342446778e-01,1.458645883596154658e-01,3.776536925119571286e-01,3.279998004768982511e-01,1.951088540160759721e-01,2.551658578212266937e-01,2.487199930509410295e-01,9.996909915304019734e-02,4.341798951869893508e-02,1.257352863385480246e-01,2.567885908362124159e-01,2.448509451393908465e-01,7.995135471970185592e-02,1.644266385094043659e-01,2.112747122034181191e-01,1.818518235094026270e-01,1.358764865663041888e-01,3.578694553731877059e-01,2.432235821990396674e-01,2.692556618591352979e-01,2.412851388997084845e-01,1.948120159060459100e-01,3.092475203484691404e-01,2.772207775331781976e-01,1.330360551601331986e-01,3.008436487005784477e-01,2.165230427010821357e-01,2.485970189504294880e-01,2.334791101676451375e-01,2.093671518235074858e-01,3.423695038717797789e-01,2.071090818420234236e-01,2.401869109207121489e-01
2.402557030384219472e-01,3.356704585638061733e-01,4.102652926585260706e-01,1.346422166721293334e-01,2.419681139524859081e-01,3.972217471702285119e-01,2.957258275067264353e-01,3.862261052509634585e-01,1.500000000000000000e+00,3.624320160959368931e-01,2.288615554655475948e-01,5.052639412530057772e-01,2.988169558190394426e-01,2.642161862081504609e-01,4.806551059577870988e-01,3.940962750436047823e-01,3.445941007893266184e-01,3.552339526784841772e-01,3.239380514751619700e-01,2.876884560698526605e-01,2.335549939442072009e-01,2.164744055802801381e-01,9.941360250570266399e-02,9.598352228060837155e-02,1.912520046095900761e-01,2.538805792461462096e-01,1.420069256606109609e-01,1.054195297318976099e-01,1.888637493763760111e-01,7.152404874985848759e-02,1.423475642279928843e-01,2.589268460061925348e-01,2.257877271461871949e-01,2.309548317041585919e-01,3.350393791114558706e-02,1.598729780172402082e-01,2.984058753079821824e-01,1.158257682370796016e-01,3.078076572247618881e-01,1.206244185967023791e-01,1.412618857395592509e-01,3.061668981543460566e-01,2.113375059085390584e-01,3.233471438705077250e-01,1.792649729721653706e-01,1.729655231413728955e-01,3.961012314645419585e-01,3.133290079572457199e-01,1.779662625423606426e-01,5.698541685015597047e-02,1.380693240828823228e-02,1.200305024866389625e-01,5.500250350339905975e-02,1.679062028323755618e-01,2.779186757494903071e-01,2.983526124520267664e-01,1.926134153038656927e-01,1.918812962314643267e-01,3.205923588563844850e-01,1.528342448584357194e-01,2.918777670373167155e-01,2.671252185272592339e-01,2.356595291094749078e-01,4.472344523038562780e-02,3.353165268305141611e-01,2.249764982690851400e-01,2.693680381853671424e-01,1.890986164791919888e-01
3.462062812494706154e-01,1.642514131230540797e-01,2.882639572075489931e-01,4.279015650703084095e-01,5.884801177522436255e-02,3.828909334424257516e-01,4.036083072194307508e-01,5.366554416161177787e-01,3.624320160959368931e-01,1.500000000000000000e+00,3.478750679319315697e-01,4.155652492693411304e-01,4.739995839606034878e-01,2.889962253568655326e-01,2.389270488746478849e-01,3.875074474553691362e-01,2.977236267353299271e-01,1.102016777142546949e-02,3.761368190158152491e-01,4.205036720937784800e-01,4.960572653441546187e-01,4.096616547603130210e-01,2.603128318951186682e-01,2.869563222259170487e-01,1.450616510226785394e-01,2.803359948372775579e-01,2.110181059374271473e-01,1.565405486280854186e-01,2.073554119484346536e-01,1.478081575839887973e-01,3.838289690818702526e-01,1.589494250117369500e-01,2.519665396395887047e-01,2.269309332431028725e-01,9.622855649838688019e-02,1.414065332754568804e-01,2.883956897305485212e-01,6.471998375125660730e-02,2.612011282657360906e-02,2.004202807993697710e-01,2.411003844728652479e-01,2.197641187992981637e-01,2.922956993119586455e-01,1.429608153786348090e-01,2.135111213330896651e-01,3.475192983754745724e-01,2.222606755786332711e-01,2.408696629338873962e-01,1.615382421575272676e-01,3.181478598406501934e-01,3.095670781677176686e-01,6.122327533504637320e-02,3.070707377500420665e-01,2.000257672440353129e-01,2.016803795964413892e-01,3.417408256456218318e-02,2.171283717844790240e-01,1.549455978058683348e-01,1.720991791096657397e-01,7.273651123824317888e-02,5.253247675134005423e-02,2.639490103045659120e-01,1.729657468079605631e-01,1.947267182351908876e-01,3.402587295984521032e-01,1.301437217899786836e-01,1.790484928676682741e-01,2.021092185349367132e-01
3.244621559438510827e-01,2.185741334800307134e-01,4.640224536774810171e-01,1.467183336764428248e-01,2.585604182924114980e-01,3.963799105687814128e-01,4.295145042842767880e-01,4.865039100674643513e-01,2.288615554655475948e-01,3.478750679319315697e-01,1.500000000000000000e+00,5.170984056526175543e-01,3.059846047036450800e-01,4.387004907417307864e-01,4.243637649013188295e-01,4.697917360710174295e-01,4.371064505644576270e-01,4.437491940899903620e-01,1.662251790754494807e-01,3.996826027664280301e-01,5.654655495062219650e-01,3.531947917840420614e-01,2.837977994626030842e-01,1.442091387096096078e-01,2.770505377172716721e-01,3.380713268038074704e-01,2.524900519319142056e-01,1.389965554361507483e-01,2.618501933250414471e-01,1.232472178487445669e-01,2.903479773626471694e-01,1.694427995788075625e-01,1.828095948406094629e-01,3.726097843594469716e-02,1.537564674319719105e-01,2.711865460581565079e-01,1.024186596607796484e-01,2.953127468942547407e-01,8.892780376014577937e-02,1.403900382716422590e-01,1.923475864066915286e-01,1.478139052610072390e-01,1.430599580342254429e-01,2.666439086274305925e-01,5.905479683653856032e-02,2.357077175900103017e-01,1.527167469894708529e-01,2.390463881297473780e-01,2.190707546390477378e-01,2.122791479875275056e-01,1.934093101696107708e-01,2.322333409212011812e-01,3.708474393229177490e-01,2.402527551158082364e-01,3.119925339619138982e-01,1.631117650531331842e-01,5.474747480613305350e-02,1.788721259714655398e-01,3.268382233578152607e-01,1.693359366410041034e-01,2.599347815041059828e-01,1.403550132358188651e-01,9.722198483964071547e-02,7.863705920352787038e-02,1.454535591902836045e-01,1.967925407944866312e-01,2.231995778442588119e-01,1.569944616892605671e-01
3.843769654867561225e-02,4.239669617996465467e-01,2.301277144908541183e-01,3.707010875938979710e-01,3.366497320560283280e-01,3.773692954476455252e-01,8.457283870672527293e-02,2.110613576773621713e-01,5.052639412530057772e-01,4.155652492693411304e-01,5.170984056526175543e-01,1.500000000000000000e+00,4.080603571448689904e-01,2.127891871458928996e-01,1.370428041392585672e-01,2.679633478307908989e-01,3.502251886358161981e-01,3.486155002786052171e-01,3.763203947454221709e-01,3.782545668980725195e-01,4.928806200453950681e-01,3.326330559272059340e-01,2.521325669404716474e-01,2.009627356561091427e-01,1.746041939001475307e-01,2.465634071772739855e-01,3.566161752808614249e-01,1.996351098037046357e-01,1.774477535144359241e-01,9.190532733046863356e-02,2.400826063639269203e-01,6.798820061944306492e-02,2.979209766134188753e-01,1.164452511872771656e-01,1.755081604048022714e-01,1.215881546045098627e-01,2.861735420744907499e-01,2.469087441732351895e-01,3.490376829920155410e-01,2.650110540050765184e-01,2.149298670040801773e-01,9.139055826607088429e-02,3.133516868263239719e-01,1.147949910026846293e-01,1.042778642789989052e-01,2.473691907923162847e-01,2.943952187910472973e-01,3.071846849264323609e-01,3.259609820948750070e-02,2.817486495384107781e-01,1.538472755593799646e-01,8.061169723598149428e-02,1.614384742632569147e-01,1.365866823363168225e-01,1.255366382502862699e-01,1.854416448970508113e-01,1.616767739827193462e-01,9.380403748515260542e-02,2.716577440209253513e-01,7.429656390380970366e-02,1.446363195072304930e-01,2.783374266314859735e-01,2.448964020370439088e-01,1.251332464884337969e-01,2.194435371305990534e-01,1.006476583958386961e-01,3.470265889045007768e-01,9.670398859207027242e-02
3.106113547832487498e-01,3.882907001540332192e-01,1.963488825477485433e-01,3.070993820326124446e-01,2.821912674576089186e-01,4.009441727002546196e-01,3.599592148055065777e-01,2.267489949267527116e-01,2.988169558190394426e-01,4.739995839606034878e-01,3.059846047036450800e-01,4.080603571448689904e-01,1.500000000000000000e+00,5.351748162333211933e-01,9.752510325959379278e-02,2.571097805727155516e-01,2.585829080789291412e-01,1.432511399146469966e-01,2.366186729236543496e-01,1.395323287648405630e-01,1.220824834250314461e-01,2.287194296737231070e-01,1.071542954692995403e-01,2.075115106806486032e-01,1.838442458418247105e-01,1.864472993320570038e-01,3.599186600902634647e-01,2.063472495313170285e-01,1.406141282121946001e-01,1.521392338983970083e-01,3.326291901888064340e-01,2.143357150274075584e-01,1.627167454890171561e-01,2.635565093755152244e-01,3.067619295660850010e-01,1.421842047403238107e-01,7.905096862969521188e-02,2.916618389983890447e-01,2.813007947529984065e-01,2.296841571567637685e-01,3.609155652732921604e-01,1.692818828844344370e-01,1.923461930429619104e-01,2.129399251213662525e-01,2.149686180749448006e-01,2.080068244218276907e-01,1.771901688925502927e-01,1.101554012409486222e-01,2.230564005974817743e-01,1.384523417405623957e-01,2.617213660158621558e-01,5.661666985764046700e-02,1.540268309548354086e-01,1.690400104630873923e-01,1.615850857496231863e-01,2.665443518733108252e-01,1.887541044414841052e-01,7.026120846984162949e-02,3.204711402267681475e-01,1.536632662740437805e-01,2.513362151712684178e-01,2.804093668168358144e-01,2.395305598237751354e-01,1.698631177873723697e-01,1.783127594686862438e-01,2.309181671128277269e-01,1.667365275776598599e-01,1.066437088790109372e-01
3.119818702918745190e-01,4.528473783271331210e-01,4.247085004100921712e-01,3.848587654920905821e-01,1.699504270733012690e-01,1.973689044527938696e-01,3.281777490866031877e-01,3.165842959982081983e-01,2.642161862081504609e-01,2.889962253568655326e-01,4.387004907417307864e-01,2.127891871458928996e-01,5.351748162333211933e-01,1.500000000000000000e+00,2.772703416415743249e-01,2.788868863183128211e-01,1.875340480214972572e-01,1.946694605749879070e-01,2.468909384655322559e-01,5.620721371206127692e-01,2.162554327739864557e-01,2.162868330512084936e-01,3.659727396911083286e-01,2.396606270200858091e-01,1.202368148340769993e-01,2.097925415761397461e-01,3.287300547087326774e-01,1.999944322209631919e-01,3.271567359268052755e-01,1.462653724715281822e-01,5.249071346030301233e-02,2.693713202336596169e-01,3.464444352822638185e-01,1.023268006425177290e-01,8.290631726889780007e-02,2.037303469806086564e-01,9.403717647138040703e-02,1.928036213534241317e-02,2.677056492040763014e-01,2.692013675016328156e-01,1.497822010568838624e-01,1.055095626681757798e-01,2.527803489750294341e-01,2.477264761826718231e-01,1.419279126643383793e-01,2.143656300700373940e-01,8.397825939902872627e-02,6.753431921114065595e-02,1.649076859332851142e-01,1.407361698314182341e-01,1.951630534419671603e-01,2.198986873069522785e-01,2.271479818809902795e-01,2.458546421382743485e-01,2.053168760800802017e-01,1.315063390560293755e-01,3.561288136996616505e-01,8.976253879726317497e-02,2.084604077379927367e-01,3.895989929203548252e-01,1.205558221809823471e-01,2.242851386700087102e-01,2.981512671588641972e-01,2.375692962739123781e-01,8.370890868023714293e-02,1.003366686328473617e-01,7.528770573310711312e-02,1.755933556717420019e-01
3.963975371582242890e-01,2.367839753422024685e-01,3.529694072671662464e-01,2.681898415262830571e-01,3.365318153028513115e-01,4.667384941364488005e-01,1.804953244504872711e-01,4.254630236257750941e-01,4.806551059577870988e-01,2.389270488746478849e-01,4.243637649013188295e-01,1.370428041392585672e-01,9.752510325959379278e-02,2.772703416415743249e-01,1.500000000000000000e+00,3.629686004554423251e-01,1.874489707069371125e-01,3.391133867670564350e-01,4.316258189760812103e-01,4.810489549552830479e-01,3.419768921830059760e-01,2.258027394462666926e-01,1.076097960116668834e-01,3.008681601883851919e-01,1.639444058161144135e-01,9.637884862178212886e-02,2.674767374129273789e-01,1.460063894113295124e-01,1.329487238798394699e-01,2.607627891733422798e-01,3.402380215256255447e-01,3.667207733538817016e-01,1.929994951986989116e-01,1.021090129841641658e-01,3.087176059999454103e-01,2.647943774415644214e-01,1.658964578924075894e-01,2.088359411204124272e-01,9.767935587724348168e-02,1.134853609285505632e-01,1.902116286681809210e-01,3.017960609968014518e-01,2.698798249906636526e-01,1.042635869205427307e-01,1.719686844648444235e-01,2.006360669354074755e-01,2.382536099376769967e-01,1.829828560302264040e-01,2.793624157106314732e-01,2.089243627582414164e-01,1.907804592251800546e-01,2.917927310762084003e-01,1.317132906106510959e-01,1.966489449782383991e-01,8.089408625426933175e-02,1.265396900833565264e-01,2.772133134138871080e-01,2.170991729090128719e-01,2.713609165592568151e-01,2.550894973470844151e-01,2.042851998950681036e-01,1.401324763851490851e-01,3.579734492272085289e-01,3.282919771018091848e-01,1.950912771332198592e-01,8.431095595048235247e-02,2.704789452227363000e-02,1.501707146017239869e-01
3.898942549103979749e-01,4.273728802095345669e-01,1.653241756803122686e-01,3.889258188581515840e-01,3.454638346683590600e-01,1.259229045073956554e-01,3.052858583388647906e-01,2.475380288021588049e-01,3.940962750436047823e-01,3.875074474553691362e-01,4.697917360710174295e-01,2.679633478307908989e-01,2.571097805727155516e-01,2.788868863183128211e-01,3.629686004554423251e-01,1.500000000000000000e+00,2.274365669231358245e-01,3.216877110069806256e-01,3.802023125815999771e-01,2.554685473895685344e-01,3.275152238024748863e-01,4.292886564265416260e-01,1.715249428801801646e-01,2.289452850745385959e-01,1.657673195824347911e-01,1.718526712326904071e-01,3.109259214512352099e-01,2.154702165208102760e-01,2.004791217357346778e-01,2.709259550410067496e-01,7.732935548334807924e-03,8.666213252203801287e-02,9.632592251615626489e-02,1.915793302727695213e-01,1.848321485601146508e-01,2.773217274443285363e-01,3.107717217627039008e-01,3.258803790340505241e-02,2.109012391643149964e-01,1.709702906453869908e-01,1.226493395454087976e-01,1.303912352569477073e-01,1.815195476426275101e-01,1.445233628606837628e-01,1.902133983750659008e-01,1.390924222007518529e-01,3.335737205539479611e-01,2.206940877251425959e-01,2.330120656130071910e-01,2.825221476258595876e-01,9.064850864303858335e-02,1.735363077816348132e-01,3.007817847854640791e-01,3.016101554725402756e-01,2.034079822420824246e-01,1.860653689645599129e-01,1.394488294748725543e-01,8.019681752460981750e-02,1.887189003960209888e-01,2.795856679584378668e-01,2.004346110261844560e-01,2.148182904023484829e-01,3.064970251309849791e-01,2.172803551609039929e-01,8.431903758805313343e-02,5.014480911737542734e-02,2.312611222450272064e-01,6.631147614169718985e-02
3.010973498725608710e-01,3.599562872116963130e-01,3.688449324529602391e-01,4.016801909544416849e-01,3.159313542097126337e-01,4.718111883836244580e-01,4.965496507219827604e-01,3.863240499149641072e-01,3.445941007893266184e-01,2.977236267353299271e-01,4.371064505644576270e-01,3.502251886358161981e-01,2.585829080789291412e-01,1.875340480214972572e-01,1.874489707069371125e-01,2.274365669231358245e-01,1.500000000000000000e+00,3.823664533454384507e-01,4.405818618671082931e-01,1.971244555395006981e-01,5.226106609695382321e-01,2.385935830185009487e-01,1.470423680807374511e-01,4.060157164591635809e-02,1.169520915697481594e-01,3.590739749815214377e-01,3.586286326780551148e-01,2.121377973312016108e-01,1.885410670178087056e-01,1.281111790011329188e-01,2.631934425258559140e-01,1.161730793579305032e-01,8.439021984685497746e-02,1.381685229113347180e-01,1.564048708678973665e-01,2.819716173318753683e-01,2.047200715597737863e-01,2.797223537141057537e-01,2.113267422203331525e-01,2.525746741090155734e-01,6.870358516174676633e-02,3.662037841012533157e-01,2.295872853634706445e-01,1.314318140291861892e-01,1.753102530991855201e-01,2.878272330101205867e-01,1.377757318960176058e-01,3.447858203783275566e-01,1.301654202493132129e-01,1.565854019069579384e-01,2.761374098074815819e-01,2.162458489763815495e-01,1.728446000155647588e-01,2.026529124076625332e-01,1.739331558391225274e-01,1.772584211314776614e-01,2.023029044123136888e-01,1.366116259245950537e-01,5.110225894193476393e-02,2.308609739337886269e-01,2.792987769736200998e-01,1.817363410140141466e-01,2.499728934360876398e-01,1.842283234052640717e-01,1.825743192606180121e-01,1.111209733774610603e-01,2.505287039617618006e-01,1.478799435313453703e-01
3.982997879594595281e-01,4.338023177426879595e-01,1.542594636825873056e-01,4.976910696312284998e-01,1.709583374334730510e-01,3.109429840158773883e-01,5.297077205313129034e-02,2.975735360051254830e-01,3.552339526784841772e-01,1.102016777142546949e-02,4.437491940899903620e-01,3.486155002786052171e-01,1.432511399146469966e-01,1.946694605749879070e-01,3.391133867670564350e-01,3.216877110069806256e-01,3.823664533454384507e-01,1.500000000000000000e+00,2.629657044395961596e-01,2.826458755140500156e-01,2.248362741215588767e-01,3.300566870607717362e-01,3.516032737621663795e-01,2.272420298322844756e-01,1.305176914907482388e-01,2.219787756196494044e-01,2.001149766992177947e-01,1.629530597440621009e-01,1.725958343030337683e-01,8.780791882032919216e-02,7.245970405227192268e-02,2.497270354275702986e-01,2.892044817488832464e-01,2.689069625322874080e-01,9.546360115717267281e-02,1.682803386348628305e-01,1.380166284753696626e-01,2.835079451483519253e-01,2.582656480344919236e-01,1.570288020588894440e-01,2.019875164882303509e-01,1.016426833469121771e-01,1.970397104974240532e-01,3.227672993734508333e-01,1.478732811456772434e-01,1.289533857064510125e-01,1.379429967397015899e-01,8.418270093670299214e-02,3.014852034608557774e-01,5.673634235410343618e-02,1.002010113939367231e-01,1.969380582914477817e-01,4.876442276884938171e-02,1.468405813455624098e-01,3.029395442216034073e-01,1.962831003279069952e-01,2.573442789721080981e-01,3.136496454110689891e-01,1.218901964310626501e-01,2.244924486462425151e-01,1.647040003775481765e-01,2.028789719033908256e-01,2.243279426581612224e-01,1.998644121307940613e-01,6.535546437883969773e-02,1.317252932961876510e-01,3.609783318303400046e-01,1.237249049478328922e-01
2.637578561183563375e-01,5.213111068611642196e-01,4.443480951739280371e-01,3.710474567209569030e-01,4.959750714197087573e-01,3.238944959860076134e-01,2.753022412461401114e-01,3.513964217420138536e-01,3.239380514751619700e-01,3.761368190158152491e-01,1.662251790754494807e-01,3.763203947454221709e-01,2.366186729236543496e-01,2.468909384655322559e-01,4.316258189760812103e-01,3.802023125815999771e-01,4.405818618671082931e-01,2.629657044395961596e-01,1.500000000000000000e+00,3.436123597692113396e-01,3.606271562679205234e-01,1.877320587187207845e-01,6.819216935591214390e-02,2.622399985775870634e-01,3.675997523964338320e-01,2.636512577985465899e-01,3.335163009644497301e-01,3.518288265806154280e-01,1.853661952476688968e-01,2.768799757759414781e-01,9.414766896052467748e-02,1.891924490970909867e-01,2.549420606354136920e-01,1.673123960828563350e-01,2.874995744732708469e-01,8.761671409439600322e-02,2.067927209997549864e-01,1.776308965161684239e-01,1.280885983421893304e-01,7.724457427654048136e-02,1.763709371906218570e-01,6.113111155864384139e-02,2.889175419639961051e-01,1.718293201917205637e-01,2.800628502469766357e-01,2.162403585745852896e-01,1.744694001991903831e-01,3.732374159472251485e-01,2.914012800555376703e-01,1.460403357186588480e-01,2.627760962381838206e-01,2.461278254013339883e-01,3.174829097806645128e-01,1.952475148333338573e-01,1.736524723761495581e-01,1.185105048208063699e-01,1.644592591286039573e-01,1.217108615915016706e-01,7.289380500332880153e-02,3.793174283555433846e-02,2.134148930359029417e-01,6.241860896770315414e-02,6.367436292294899325e-02,1.405382135400559951e-01,1.910883575905848175e-01,2.900967638681811733e-01,1.490501017536648987e-01,1.906461918104301323e-01
2.302786917173083869e-01,2.387105615490675570e-01,3.112434796930875214e-01,2.552538892929079317e-01,2.926501193667626621e-01,3.367351422253653803e-01,2.791113337178043330e-01,2.017010919719950113e-01,2.876884560698526605e-01,4.205036720937784800e-01,3.996826027664280301e-01,3.782545668980725195e-01,1.395323287648405630e-01,5.620721371206127692e-01,4.810489549552830479e-01,2.554685473895685344e-01,1.971244555395006981e-01,2.826458755140500156e-01,3.436123597692113396e-01,1.500000000000000000e+00,3.980318499966759571e-01,5.742893991738637904e-01,5.849612448246777757e-02,2.808128424209700436e-01,3.282506840440536644e-01,1.538759977995798334e-01,1.652728356824000877e-01,2.279984787223566789e-01,1.087748503227344704e-01,2.830788676723060560e-01,2.161420485250126200e-01,1.624412498343729139e-01,1.951624500984643906e-01,2.608527657331205507e-01,2.290206734428847368e-01,2.430867697185351839e-01,1.351006101747511678e-01,1.013410612259968979e-01,2.110638448377168963e-01,3.112000223097287632e-01,1.631243641350515194e-01,1.158626172065015392e-01,1.407252334172605091e-01,5.241343446204471679e-02,1.300265192967238470e-01,1.662485059875378202e-01,4.020579177710559282e-02,2.498146049152856762e-01,2.982583576788482294e-01,1.090694183524095334e-01,3.462846748563644939e-01,2.998411366085612095e-01,2.508430366021445201e-01,3.180143629572777519e-01,1.413011495791731686e-01,2.001859772204467869e-01,2.136334495609546469e-01,3.447242199578007260e-01,2.201906136442894346e-01,1.577648775828134620e-01,5.881349508837428047e-02,9.496284326889913030e-02,1.110721110749722101e-01,5.666223691211021152e-02,1.562753498782741557e-01,2.806746049561882894e-01,2.145176945617334741e-01,3.412894816720739022e-01
5.622405420381551000e-01,2.308311189153436915e-01,2.221433360434020565e-01,5.259670201158512803e-01,1.373957077923730619e-01,6.221148832728429744e-03,5.196203135530280681e-01,4.742229138315340320e-01,2.335549939442072009e-01,4.960572653441546187e-01,5.654655495062219650e-01,4.928806200453950681e-01,1.220824834250314461e-01,2.162554327739864557e-01,3.419768921830059760e-01,3.275152238024748863e-01,5.226106609695382321e-01,2.248362741215588767e-01,3.606271562679205234e-01,3.980318499966759571e-01,1.500000000000000000e+00,3.398842574248295278e-01,1.556783805602245385e-01,1.444670326477879851e-01,1.549269001945970115e-01,2.198586497534805728e-01,2.442571868605252217e-01,9.409545956446944970e-02,2.048141619948668224e-01,1.047064080256279867e-01,1.431306977847824902e-01,1.432454985095980571e-01,1.739892846197789722e-01,8.072842455514354920e-02,2.113731155773424242e-01,2.337301423902952702e-01,2.049268770760115377e-01,3.598068903283491160e-02,2.533086730833716271e-01,1.587263101729542158e-01,9.704875994802933392e-02,2.887302397803311049e-02,7.657165523705909693e-02,5.367815392368542604e-02,2.219738168627563013e-01,2.160007253972276720e-01,1.863010063814208306e-01,1.598769307205555879e-01,2.184698136803043533e-01,3.312990466791863042e-01,1.407942043946240618e-01,2.049195277716579500e-01,9.285424573863242104e-02,9.642419228841044021e-02,1.400294427876570547e-01,2.281621444249530839e-01,2.562643000606019683e-01,1.056157498789214721e-01,1.539491582300537287e-01,2.679944871159036790e-01,3.135790204836996775e-01,2.820978408159900419e-01,2.452562067637499288e-01,2.440913333890122328e-01,2.396599465514079874e-01,2.079946370710792358e-01,8.669562712073926314e-02,2.554954876004831288e-01
3.492669499252208931e-01,5.282788115464864820e-01,4.036517709206441373e-01,4.680282779933556681e-01,3.644125014792811701e-01,2.840762852641494640e-01,2.366943827309452575e-01,1.343085984059576021e-01,2.164744055802801381e-01,4.096616547603130210e-01,3.531947917840420614e-01,3.326330559272059340e-01,2.287194296737231070e-01,2.162868330512084936e-01,2.258027394462666926e-01,4.292886564265416260e-01,2.385935830185009487e-01,3.300566870607717362e-01,1.877320587187207845e-01,5.742893991738637904e-01,3.398842574248295278e-01,1.500000000000000000e+00,2.480796726303021449e-01,2.583793627507577906e-01,2.148574010735437856e-01,2.965199320578776332e-01,2.197737305090479154e-01,7.492929038974356637e-02,3.321867984680775265e-01,1.362610134612957935e-01,1.999272693893317798e-01,8.149622508439957613e-02,1.112930663999175673e-01,2.081151063866367446e-01,3.548529167478023938e-01,3.218453666367503407e-01,1.124877205871057523e-01,1.326993265727398341e-01,1.458436583946229603e-01,1.967497883275252102e-01,1.389688151207122968e-01,3.090348019216545561e-01,2.216968000295335139e-01,1.214170430920629221e-02,1.665120626676741544e-01,2.410368886376429709e-01,8.137072176799180212e-02,2.458796377433261626e-01,1.945546567728563825e-01,1.279669615529177851e-01,1.766711748937198345e-01,1.289812727111790958e-01,3.081658444335489966e-01,1.615503784500986750e-01,9.648958964735687704e-02,1.674615908398460473e-01,1.365112230557202766e-01,1.562768624878775603e-01,2.001202823734895553e-01,9.543926328920618318e-02,1.878173183307770833e-01,2.075766784188454173e-01,2.067144811335916987e-01,1.461927885261947724e-01,1.065781652122918255e-01,1.593716069355204934e-01,1.990111516321243501e-01,1.895882049224538457e-01
3.821066871694399625e-01,3.363098868451163126e-01,1.296017815178605315e-01,1.295189996025032375e-01,1.935780747577923733e-01,4.605103066971543563e-02,2.571763123070659462e-01,2.818881536147893607e-01,9.941360250570266399e-02,2.603128318951186682e-01,2.837977994626030842e-01,2.521325669404716474e-01,1.071542954692995403e-01,3.659727396911083286e-01,1.076097960116668834e-01,1.715249428801801646e-01,1.470423680807374511e-01,3.516032737621663795e-01,6.819216935591214390e-02,5.849612448246777757e-02,1.556783805602245385e-01,2.480796726303021449e-01,1.000000000000000000e+00,1.763599944456845092e-01,2.831582328579201890e-01,1.943495616974168227e-01,9.955664137868205921e-02,2.675877503679524594e-01,1.791680942771488316e-01,2.099603571647950251e-01,8.176874185055670041e-02,2.110723264192503890e-01,9.802368843404328513e-02,1.427131818240595373e-01,2.319073688137939793e-01,1.454725698771131837e-01,2.055782349536786624e-01,1.071190451405552441e-01,1.796479537526801118e-01,2.292828790565774322e-01,4.425311149719526882e-02,3.033349832453164918e-01,2.647195624472603592e-01,2.685075335677838959e-01,1.884962128609978804e-01,1.344608922444976429e-01,1.326285753133997769e-01,9.209200954867538536e-02,2.980446777960250593e-01,2.323903136712715811e-01,2.395851157580017321e-01,3.181140060382714463e-01,2.471934716612208538e-01,2.257697329821607979e-01,1.004131466092179209e-01,3.252731972089236145e-01,1.963610589882737179e-01,2.022551615574742778e-01,1.905207764120564473e-01,2.750241079010847245e-01,3.150117599280004010e-01,1.421345799254422892e-01,3.505279781553139462e-01,1.081210539365617118e-01,1.249333466975976609e-01,2.428951744440926985e-01,2.315457160431007300e-01,1.744105119894924782e-01
