1.500000000000000000e+00,3.300011214587857400e-01,3.359419743067657005e-02,2.948111735224644425e-01,4.629689131849280548e-01,3.975764566544461864e-01,3.144392490361462844e-01,2.386609563751670715e-01,3.054176715710612555e-01,2.608467037411120737e-01,4.016371833025851878e-01,3.534284969746817051e-01,2.745042750160908152e-01,3.957317996331665699e-01,3.782989768211919568e-02,1.831034511364000583e-01,4.228260126186145218e-01,4.091426935653784125e-01,2.057939673173952433e-01,3.737042391706943967e-01,3.599881524005953404e-01,2.800049029951242607e-01,1.623015436881252993e-01,2.091414730141775979e-01,1.457451510091604951e-01,2.462433685983708709e-01,3.094303600098195495e-01,5.426443862647738897e-02,2.702543397465556052e-01,2.034858926365197829e-01,2.940747299731922837e-01,1.964683452597054680e-01,2.420166097944803640e-01,4.479619037931391323e-02,2.304276531461541544e-01,1.727573859838354431e-01,5.659284054567297745e-02,3.859428853720654751e-02,3.061057186251593398e-01,2.262276454110836443e-01,1.071863178553492113e-01,1.066529419388703853e-01,7.387368923626413952e-02,2.154901844905531272e-01,1.560143818394286730e-01,8.142424257832413248e-02,1.277906091267105859e-01,1.526141818088065927e-01,1.860993936200567855e-01,2.325738128055877540e-01,1.392276744788598919e-01,2.320857989394890519e-01,1.159406437272642726e-01,1.587372390669587463e-01,1.349721443085532546e-01,1.437324361436320974e-01,1.776248521362009392e-01,2.540851136522663811e-01,1.042060460341555778e-01,8.042845542210691479e-02,2.691463773609399923e-01,1.438994439903500955e-01,5.973945054700996460e-02,2.253267645698963650e-01,3.460561743647568855e-01,1.943442502224486113e-01,1.133524307949268783e-01,2.722366083347973476e-01
3.300011214587857400e-01,1.500000000000000000e+00,3.254755593177663386e-01,2.859449467675606038e-01,5.724597104141629922e-01,3.263027034782379210e-01,3.600362386793204972e-01,3.276802693327317550e-01,1.325052534406928051e-01,1.865040131288714653e-01,3.292093498501713622e-01,2.984921816724633858e-01,1.243718542319146025e-01,2.147047082225722048e-01,1.816019635445066949e-01,1.446976676647412363e-01,5.145337171664746689e-01,5.534380922369170897e-01,2.852789570994114232e-01,2.370048056757776134e-01,1.917827273283792822e-01,2.859106646183506850e-01,2.276176198118948502e-01,1.789102898255398311e-01,1.692949103844231806e-01,1.397841848075051796e-01,1.544857486647510658e-02,1.289473213375645910e-01,1.699571484703647495e-01,1.313082098128713071e-01,2.684975051566371729e-01,7.578010200386497974e-02,9.496561081531521009e-02,1.169783017853981144e-01,2.055149150279089731e-01,1.984413370674367461e-01,2.509393407124963504e-01,3.018909373530128115e-01,3.846979009136663463e-01,5.997720461146450327e-02,2.440279984382311973e-01,2.308076117577809172e-01,2.312551505047493461e-01,2.199980695479966941e-01,3.431835561563635340e-01,7.132745454262801044e-02,2.943470917039013313e-01,1.035417584050957046e-01,2.143566526347444601e-01,2.883603188767731584e-01,1.004552017706633327e-01,2.272358428287175325e-01,2.631382579231456020e-01,1.035907246894213485e-01,4.931269723670020366e-02,6.903847758095299492e-02,1.414425196368446769e-01,2.622074586466103807e-01,3.025113972681517938e-01,1.587960206709246869e-01,1.426823919646887373e-01,7.762257350269435863e-02,3.760743542636105774e-01,1.633777557138156311e-01,5.070914193106990792e-02,1.167127208609091832e-01,1.613704255836558576e-01,7.439979300502241877e-02
3.359419743067657005e-02,3.254755593177663386e-01,1.500000000000000000e+00,2.204501532872861214e-01,2.325768389926442803e-01,1.526610158601322265e-01,3.052634189325428293e-01,3.655056615262957109e-01,1.509829599795665112e-01,3.420598352119725294e-01,2.407441485589998098e-01,2.686642543442034903e-01,2.478668004741936826e-01,3.047220271961894808e-02,4.355461658137720349e-01,2.713635448519131077e-01,4.426965271901305288e-01,3.772781045242127318e-01,5.055156267915410506e-01,4.033097074575551222e-01,4.748857272180045386e-01,2.665464176138359620e-01,1.348929852161983578e-01,1.845111087427563357e-01,1.177696373504122096e-01,1.817057529034160901e-01,8.293489294810917067e-02,2.241726137961384813e-01,1.740634811415643912e-01,2.400238480533548047e-01,2.381979597751470723e-01,1.121545298050024078e-02,2.805046448631877687e-01,2.910231674709350402e-01,2.440152684809338002e-01,1.818760333160542864e-01,2.037100292823497971e-01,2.755366004177592920e-01,1.251689699029979175e-01,6.027134960949951520e-02,1.918900255431978119e-01,1.970601111832168684e-01,2.092500710487384674e-01,1.137874121892305940e-01,1.560199914960229695e-01,2.093782026417284059e-01,1.464297279593613221e-01,1.368637354605400924e-01,1.517921131464459172e-01,2.886129153385649238e-01,2.313588140266022997e-01,2.199992106395194935e-01,1.891285307206407862e-01,3.456043528018968441e-02,1.258686782500710311e-01,3.047739757467608501e-01,1.708116305874805008e-01,2.040253179366734171e-01,1.740935620482475521e-01,1.651615197090182674e-01,2.270269257277204855e-01,2.541070445036133219e-01,2.669727929435902758e-01,2.446924098428240602e-01,2.625133059440566963e-01,2.033245641018949779e-01,2.071370422503488462e-01,1.922205214980439170e-01
2.948111735224644425e-01,2.859449467675606038e-01,2.204501532872861214e-01,1.500000000000000000e+00,3.699159343615629481e-01,3.094452260074544436e-01,2.481824275197120067e-01,2.637062959457586730e-01,4.463682453147594931e-01,1.212320093134895971e-01,4.531816599454819849e-01,4.576463924919224602e-01,4.315356614546846936e-01,9.800412592953416935e-02,3.059839215286748182e-01,2.687722352897317091e-01,1.587588480200222696e-01,2.597252023696561274e-01,2.998335793068591659e-01,2.472934642000567396e-01,2.756708397535819199e-01,5.366049710579421372e-01,3.230707089368775042e-01,3.277800257323056909e-01,1.283189356207111997e-01,1.969838784264055231e-01,1.899691781281308278e-01,2.282831570069361327e-01,3.238556728844110832e-01,7.256599236456014179e-02,2.484133608526304382e-01,1.677513649993538636e-01,3.650590439042428192e-01,2.196303565239166589e-01,2.401882407430641631e-01,2.960476635529870615e-01,1.660705462792984588e-01,1.089453018056332212e-01,4.490680245474136523e-02,2.577637767289247539e-01,2.141853700663471083e-01,2.965552472596117428e-01,2.259384000513383617e-01,3.098014676246558796e-01,2.178266507565031901e-02,3.545184596310783087e-01,2.932146659864185989e-01,6.969162168826932569e-02,4.895008641428358342e-02,1.351283908975267067e-01,2.692704924864041116e-01,1.223723047943543196e-01,1.894867690516137126e-01,9.420477702618693105e-02,3.186251888636675855e-01,2.907505178907792143e-01,2.188680429111231063e-01,1.095985404186270440e-01,1.721013279613941571e-01,2.813741610115800262e-01,1.958536982024155770e-01,1.434580374446923767e-01,1.882123972250768773e-01,2.681515395718722661e-01,8.913945692521307862e-02,2.608320626590598934e-01,2.257648272090228558e-01,2.845475068479565994e-01
4.629689131849280548e-01,5.724597104141629922e-01,2.325768389926442803e-01,3.699159343615629481e-01,1.500000000000000000e+00,4.766025887284700557e-01,2.191169013578875280e-01,2.122586530676601191e-01,4.191564024589954363e-01,3.614182301476080994e-01,1.972102994254954778e-01,4.781920611218427597e-01,1.031163096224609610e-01,4.481507579266335028e-01,3.702363772939721853e-01,9.158974026444841043e-02,1.642722970930428905e-01,4.562193997059131867e-01,1.545926512559349097e-01,5.048378893395498723e-01,2.469134619439682377e-01,2.385371796741144190e-01,1.088698717223065271e-01,3.145046744497649316e-01,3.129627824923547630e-01,2.749316380861778208e-01,1.723803017493636403e-01,1.567672324740522205e-01,3.706553496740602194e-01,3.069855573527378589e-01,1.946115559060065392e-01,2.826399006613785625e-01,1.201013622488761173e-01,2.157077057066419112e-01,2.284755677936265161e-01,2.249319727044207240e-01,3.438758320931288859e-01,2.422277224839310683e-01,2.230710525300871327e-01,1.039952785893758225e-01,2.445597884104449560e-01,1.440756506332944165e-01,2.505486462152110017e-01,2.737537519544366305e-01,2.185794267769277655e-01,2.283195426671847938e-01,2.582918986111032433e-01,2.063935672425657730e-01,8.673672045803371145e-02,1.100516190682891138e-01,2.642963905190820473e-01,2.280408266601170741e-02,1.887808866653051809e-01,2.920442089019765208e-01,2.272575801490883673e-01,3.266890767883761093e-01,2.550107015874389926e-01,2.418618104051545314e-01,2.334473133111030496e-01,2.725446431918162049e-01,1.173376793910065469e-01,2.713852011562988831e-01,2.292462952157129918e-01,4.837690514184065510e-02,1.540319715070483930e-01,1.351544500607454458e-01,2.155619504502361561e-01,2.884123898835626032e-01
3.975764566544461864e-01,3.263027034782379210e-01,1.526610158601322265e-01,3.094452260074544436e-01,4.766025887284700557e-01,1.500000000000000000e+00,4.582108884546580718e-01,2.877881494708003918e-01,2.521717861852792453e-01,4.541776643545982206e-01,2.495328264229516591e-01,2.961887771341568665e-01,1.777592185766078692e-01,2.025319061265848930e-01,3.218492377257396453e-01,2.409721241378226519e-01,1.998315904290129952e-01,6.179476117561925885e-02,2.869697405621145503e-01,3.867704615776449417e-01,1.082198517042233243e-01,3.049364676348355063e-01,2.041541394635575379e-01,1.908712597985959547e-01,3.813020586483716334e-01,1.095545223213961888e-01,1.527078731791315092e-01,2.709905926818542143e-01,2.593781795220647113e-01,2.371664919994684317e-01,2.046344248028083845e-01,7.816222271619271966e-02,1.953575495133964834e-01,6.549578435607425475e-02,1.204627483822329065e-01,1.965738126149340903e-01,2.117538554788960248e-01,1.613229798722436992e-01,1.361911726975014725e-01,3.314860870474147236e-01,2.092521249942344286e-01,3.312034454418543161e-01,1.664676330479410993e-01,2.050484342961994000e-01,3.025468680694066714e-01,2.144782127253382353e-01,2.059383260252795889e-01,1.105311891660350210e-01,1.308953503671480001e-01,2.230448274036463951e-01,2.154010736815716864e-01,3.469050938481741952e-01,3.519595021802833790e-01,9.952205162216146150e-02,2.721940934037233584e-01,1.228047031281296192e-01,3.895775544629849207e-01,8.112317535565746751e-02,1.750606644385266364e-01,2.672828827565938425e-01,9.563678567926714447e-02,2.628701217937325363e-01,1.521793902178839863e-01,3.090162440096165808e-01,2.668400696730728328e-01,1.998690832136172935e-01,1.587180699423262342e-01,1.779371483103845963e-01
3.144392490361462844e-01,3.600362386793204972e-01,3.052634189325428293e-01,2.481824275197120067e-01,2.191169013578875280e-01,4.582108884546580718e-01,1.500000000000000000e+00,3.105264730801660100e-01,2.434469367827688802e-01,4.545989664835906052e-01,1.963030167642096369e-01,3.490494712718030801e-01,2.799577654700742269e-01,3.066095712954425290e-01,5.951967960600144936e-02,3.429463060620012715e-01,3.702299980919048217e-01,4.314690487041887845e-01,3.903501283131371319e-02,9.872000993822360737e-02,3.122612410484179035e-01,2.971683351749846436e-01,1.230990694307479566e-01,1.246821986603664500e-01,1.310935069139497755e-01,2.580634903353502541e-01,1.948903379161225358e-01,1.543728331535371145e-01,1.039749715941669199e-02,1.405058116158740822e-01,3.091750563950096398e-01,1.153584348056908848e-01,2.351963922953200226e-01,4.985799886543811066e-02,2.431091592802205603e-01,2.789903740865507520e-01,1.845065782912860830e-01,1.690675321431271694e-01,2.897627490542203921e-01,1.625572683157762155e-01,3.126455545748929588e-01,2.723216636408487545e-01,9.023239658670628716e-02,3.187141576627450235e-01,1.448291603648244330e-01,2.423036904402879610e-01,1.804997798864348968e-01,2.306601037974823076e-01,5.865804671716239038e-02,2.080764087733625867e-01,2.017236320213324496e-01,3.344560343633780075e-01,1.991242773982389580e-01,9.392607300439340112e-02,1.113357415538007433e-01,1.005750042593480942e-01,1.534824682632236481e-01,1.231618503040242257e-01,2.511538978268869626e-01,2.057101468526379151e-01,3.027455741401289813e-01,4.195568829437140018e-02,2.785005427850306137e-01,1.862815217959055414e-01,2.007790592638857285e-01,1.749082391940167125e-01,1.264065349558681217e-01,1.456991229453674652e-01
2.386609563751670715e-01,3.276802693327317550e-01,3.655056615262957109e-01,2.637062959457586730e-01,2.122586530676601191e-01,2.877881494708003918e-01,3.105264730801660100e-01,1.500000000000000000e+00,2.991647208184637363e-01,3.278549382601857465e-01,3.506203377451355685e-01,2.543618707888267716e-01,4.031952626305483345e-01,4.899715674985340996e-01,2.902382850407062564e-01,1.292671382785973433e-01,4.210981056907888709e-01,2.223775800082374299e-01,1.969453645000014408e-01,1.246650123952083022e-01,4.573765921660494227e-01,3.080826825152166437e-01,1.513622493807950942e-01,1.789538815771514468e-01,1.600591772026910276e-01,1.268937555231364755e-01,2.376034705716014162e-01,1.807096872999447157e-01,1.098649492649477200e-01,2.286865584451869826e-01,2.141977589404316096e-01,2.491169158820925877e-01,1.928996497938728349e-01,2.711551161632426155e-01,3.391623211870218313e-01,8.657011259614666443e-02,2.110008515198240620e-01,2.323838543588361838e-01,7.208000628598350279e-02,2.515158677803628895e-01,3.035398723787525732e-01,2.761176815283862274e-01,5.196485361241864886e-02,2.755363868296807350e-01,1.797275513655585133e-01,9.752525065200093324e-02,2.960094564243401782e-01,1.540071661996080532e-01,2.051481464644956954e-01,2.495362000296932892e-01,2.103245609267048177e-01,2.336410175256663779e-01,3.046847203062352794e-01,8.082073831160573041e-02,2.050705755780810324e-01,7.389244362520353687e-03,4.924760856199375536e-02,2.527158160747924320e-01,1.700173172847789793e-01,1.056665693279900398e-01,2.762866161138949894e-01,1.883925373671352377e-01,3.495320822155836837e-01,2.482558612139166843e-01,1.212771317770929974e-01,3.438656696594046824e-01,2.092276731208283502e-01,8.533102268571271520e-02
3.054176715710612555e-01,1.325052534406928051e-01,1.509829599795665112e-01,4.463682453147594931e-01,4.191564024589954363e-01,2.521717861852792453e-01,2.434469367827688802e-01,2.991647208184637363e-01,1.500000000000000000e+00,3.957436715569103147e-01,5.153363767315477517e-01,1.335086252469282198e-01,4.473674362163096996e-01,5.259504034308228881e-01,1.280852534200831727e-01,3.914257859263435835e-01,4.893759275314788493e-01,3.594729486445595312e-01,2.328695751440742479e-01,3.459708119867473952e-01,2.480912615065122562e-01,4.355369065926924521e-01,2.843281880873861356e-01,1.834324502648083111e-01,2.086336647433771341e-01,9.789227167873607027e-02,3.121975226326538858e-02,1.770217204584934589e-01,1.479649639588970500e-01,1.926984167180674154e-02,1.572566787885488204e-01,2.654170737228656041e-02,3.374273361414042438e-01,2.908758398631388076e-01,8.034091103687160396e-02,1.885283859745734703e-01,2.246339715095613809e-01,2.017659625140915125e-01,8.791198543431244516e-02,3.094611558747999425e-01,1.214536835266658982e-01,1.177085030605797278e-01,1.486955380618072697e-01,2.344196728378797334e-01,1.904900384893252752e-01,4.617483463199201915e-02,7.318757986910462421e-02,1.165611401576503725e-01,3.808051344240425684e-01,2.113672820480422265e-01,3.215528639335847316e-01,1.299852328811538227e-01,1.866333777636568492e-01,2.113285077466664497e-01,1.928915656848766147e-01,2.598745804622245026e-01,3.253691206394374591e-01,1.640616782309541055e-01,1.665412535028905350e-01,2.493722782625395484e-01,3.072240400786752090e-01,8.262639388188451617e-02,1.346320872673900104e-01,2.442859082483396782e-01,1.627073102651461212e-01,2.486075180402814999e-01,1.409517771894312210e-01,1.485382935193402809e-01
2.608467037411120737e-01,1.865040131288714653e-01,3.420598352119725294e-01,1.212320093134895971e-01,3.614182301476080994e-01,4.541776643545982206e-01,4.545989664835906052e-01,3.278549382601857465e-01,3.957436715569103147e-01,1.500000000000000000e+00,1.137876200573322283e-01,3.296315142431521239e-01,1.293783811444502441e-01,3.689923146839384493e-01,3.211823898774765484e-01,3.892815339320536694e-01,1.548501669123474311e-01,2.351931637180318946e-01,2.619293497807726467e-01,2.290761258284169932e-01,2.280194395423627840e-01,2.249804520015981080e-01,1.910565339972123133e-01,1.778742060992922203e-01,1.406431747442704605e-01,2.472296254577737717e-01,2.383280984521374546e-01,1.488282405978227918e-01,1.837254267187768131e-01,2.529521478418852443e-01,1.373008103245584310e-01,2.376506600434098448e-01,2.262681465628967326e-01,2.211235172293911366e-01,2.463371851903891629e-01,1.468672605100935780e-01,2.831669181009802694e-01,1.276074183435855491e-01,2.313811469201253468e-01,2.037653203318736117e-01,3.080516659872941099e-01,3.149322793042436119e-01,1.800968257827467722e-01,2.449488680034493382e-01,1.690132131126951820e-01,2.902113073889926453e-01,2.907585650075227290e-01,2.542573509471114379e-01,2.382281534864138239e-01,1.733702205195089552e-01,2.923102711793154618e-01,2.853605842031163853e-01,2.050517314334403540e-01,1.753585484018002350e-01,3.395166718280471230e-01,1.849538469635068072e-01,2.361532892590708088e-01,6.768889335261102369e-02,2.212623793492232704e-01,2.067953717983401218e-01,1.610577240026787316e-01,2.875690354095751800e-01,1.973339444327616432e-01,3.325904188024836894e-01,9.265778596314580562e-02,1.806861029029014909e-01,3.118034208054407119e-01,1.732362522475480726e-01
4.016371833025851878e-01,3.292093498501713622e-01,2.407441485589998098e-01,4.531816599454819849e-01,1.972102994254954778e-01,2.495328264229516591e-01,1.963030167642096369e-01,3.506203377451355685e-01,5.153363767315477517e-01,1.137876200573322283e-01,1.500000000000000000e+00,2.793862468679767508e-01,2.714692745112545214e-01,5.443068609422719861e-01,2.686429902650545598e-01,4.749290668928036752e-01,3.413797172044044093e-01,2.567431904270749410e-01,4.786756108197608439e-01,7.388796512663269034e-02,1.280334197042619360e-01,3.411954894284224826e-01,2.892954775182255966e-01,2.348862372367424567e-01,1.083676180568379777e-01,1.328823955583766647e-01,2.412583896975029618e-01,1.832396295000649489e-01,1.088561150623253149e-01,1.518589840352993492e-01,2.307847045010173459e-01,2.318680768185725771e-01,2.178464416445707319e-01,1.770179943129127631e-01,2.682007316143086295e-01,1.017225839233584089e-01,2.344291195484347889e-01,3.075603434678120252e-01,1.730230786383724628e-01,2.818954759999803272e-01,1.853573162704149624e-01,6.824244555607020257e-02,2.374764693359787682e-01,3.083062214742178786e-01,1.808257678801202806e-01,2.275112695495775383e-01,1.578938419191500131e-01,5.765763798150017050e-02,1.582574714062764953e-01,1.171142009196932537e-01,2.758973957964506729e-01,2.451154088374833673e-01,2.985262062236492264e-01,3.223462153005311470e-01,1.868285402456155153e-01,6.620027789653920580e-02,4.923139839170131982e-02,2.218261625013375760e-01,1.395036568406387290e-01,1.523609753893415825e-02,2.331815366092785391e-01,6.823313691325519348e-02,2.301112300208029149e-01,3.461379661389620832e-01,8.718966616594947538e-02,1.365754423041921628e-01,1.832631888761250827e-01,1.803038677946011137e-01
3.534284969746817051e-01,2.984921816724633858e-01,2.686642543442034903e-01,4.576463924919224602e-01,4.781920611218427597e-01,2.961887771341568665e-01,3.490494712718030801e-01,2.543618707888267716e-01,1.335086252469282198e-01,3.296315142431521239e-01,2.793862468679767508e-01,1.500000000000000000e+00,2.650947576528626115e-01,5.106643432237500946e-01,4.766468864589111787e-01,3.504357017592055756e-01,1.283077866331692185e-01,4.514483650958072136e-01,3.652594828590341458e-02,4.359128033578423822e-01,4.198944196044103183e-01,2.698783266853871377e-01,1.475336536939997611e-01,1.692631308373988286e-01,1.047251459185306183e-01,2.931219734612422467e-02,2.773287180038644037e-02,3.743318810145365161e-01,2.108304535389353140e-01,3.526403138308688012e-01,7.986883554823123732e-02,1.135798332999237020e-01,1.392314489345518602e-01,2.112720510162465759e-01,2.661589735957788361e-01,2.917327760527426150e-01,4.851373053221402082e-02,2.082631801254488657e-01,1.243540870580750329e-01,3.148093677194640505e-01,2.398872023964127020e-01,1.789313704535142602e-01,1.741704215099949271e-01,2.650479560633161591e-01,9.152377290174951163e-02,1.424960422410619654e-01,1.601368098154770936e-01,2.594840660449603820e-01,4.887317227308214662e-02,1.729396788045408639e-01,1.936756473985687399e-01,2.702861584432178499e-01,1.484201452252019715e-01,3.276473082758861732e-01,1.627729060402092753e-01,3.946569148348841871e-01,9.020796407847622711e-02,9.394544703324793355e-02,1.581026883562264285e-01,4.166861164710511378e-02,1.475823484930512408e-01,1.324317759022184959e-01,2.730847332162179564e-01,3.784139954954897078e-01,1.990561389114763047e-01,1.905899513850435600e-01,2.335503611516823730e-01,2.982809952441458079e-01
2.745042750160908152e-01,1.243718542319146025e-01,2.478668004741936826e-01,4.315356614546846936e-01,1.031163096224609610e-01,1.777592185766078692e-01,2.799577654700742269e-01,4.031952626305483345e-01,4.473674362163096996e-01,1.293783811444502441e-01,2.714692745112545214e-01,2.650947576528626115e-01,1.500000000000000000e+00,4.151544267570967950e-01,2.850007821954225751e-01,2.216886555362170830e-01,9.363802080694216823e-02,3.617661076379138363e-01,4.084634807066864770e-01,2.663424694381900104e-01,3.832295935347132532e-02,2.568996234780172028e-01,3.213667791772008009e-01,2.414390800070623788e-01,2.017089208537858891e-01,2.435960876174256551e-01,1.370392292604297735e-01,5.335789018973782771e-02,4.946795108669743701e-02,5.989650070216970268e-02,3.438606884229340466e-01,2.841989763582257744e-01,5.349278750379538039e-02,1.547582638655019549e-01,2.633179297441690103e-01,1.948584308002582755e-01,3.037980529934680152e-01,3.251820682477239710e-02,2.802242334346998764e-01,8.643949725334731937e-02,1.428435585539567509e-01,2.579812452366537778e-01,2.099378190194513549e-01,2.202646557930595939e-01,2.508106264801416296e-01,5.400639694501277455e-02,1.867813532950904909e-01,2.520132399173491411e-01,2.767185390692490365e-01,4.178965410662296986e-02,3.088384729587413391e-01,2.328667259762113861e-01,3.450399205076547515e-01,2.519468523738070398e-01,1.279014754822198063e-01,2.178958636207065647e-01,1.127087947339075191e-01,2.188805537538961454e-01,1.415112176778460518e-01,3.028411041700922457e-01,1.905972078413767368e-01,2.608698733939920356e-01,2.275241951634251469e-01,2.062821888604810527e-01,9.522315694401867203e-02,2.487046476207463441e-01,2.441716381247162893e-01,2.572447807527502572e-01
3.957317996331665699e-01,2.147047082225722048e-01,3.047220271961894808e-02,9.800412592953416935e-02,4.481507579266335028e-01,2.025319061265848930e-01,3.066095712954425290e-01,4.899715674985340996e-01,5.259504034308228881e-01,3.689923146839384493e-01,5.443068609422719861e-01,5.106643432237500946e-01,4.151544267570967950e-01,1.500000000000000000e+00,2.663341966621912138e-01,1.371106307025577176e-01,3.571333036976068742e-01,6.079041971357379559e-02,4.295973273189694908e-01,1.620559417877783237e-01,2.180026403154037840e-01,2.629570824097580695e-01,1.387450180518320919e-01,1.595774013976935524e-01,1.971362665500603906e-01,1.689954008596259993e-01,2.272337779511708622e-01,1.912724745448252939e-01,5.127519616845890860e-02,1.232708770880750621e-01,2.341493283666160330e-01,9.330750160995796016e-02,2.506496855778033161e-01,1.173471434229254179e-01,3.063082726490442553e-01,2.628513435040529811e-01,1.399178693839810139e-01,2.321301707065528963e-01,1.410755549958409294e-01,2.050143611345951189e-01,2.126706790152580184e-01,2.900756219945328507e-01,7.310352290882032866e-02,3.315314383898150807e-01,2.334195070010414985e-01,2.066738516552066030e-01,2.369951619607289228e-01,3.048438784118999711e-01,2.121473684342315424e-01,2.440237179951480206e-01,2.288092837757029208e-01,3.513256815205063610e-01,1.703293364306370794e-01,2.384123130333676011e-01,8.509640881806111723e-02,1.716881992129793144e-01,1.907735343820717300e-01,2.157304850152204911e-01,3.536510707426586686e-01,9.454397064679739837e-02,2.432955442162395010e-01,3.278040179500805174e-01,1.892582802196479674e-01,2.014171612055435656e-01,2.679711911579362726e-01,1.126332401166969255e-01,2.179757340107769670e-01,2.157673772631004960e-01
3.782989768211919568e-02,1.816019635445066949e-01,4.355461658137720349e-01,3.059839215286748182e-01,3.702363772939721853e-01,3.218492377257396453e-01,5.951967960600144936e-02,2.902382850407062564e-01,1.280852534200831727e-01,3.211823898774765484e-01,2.686429902650545598e-01,4.766468864589111787e-01,2.850007821954225751e-01,2.663341966621912138e-01,1.500000000000000000e+00,2.895455782085586405e-01,1.825455054814446587e-01,3.393199313932676042e-01,4.268603266231548732e-01,3.749652445764704023e-01,6.384531579041985427e-02,1.578458498425058809e-01,2.067998616422974112e-01,2.437217487894323409e-02,3.261140964411110565e-01,2.608444792544187818e-01,2.949241488795441568e-01,8.921569961573620755e-02,2.508848200461807898e-01,1.787565135681536410e-01,2.235143526417437687e-01,2.236730931290550062e-01,2.491231381223852903e-01,2.225965830929697575e-01,2.109869653938282741e-01,6.172039907414997306e-02,7.425737570385171349e-02,1.021448993998573390e-01,1.069513191806611002e-01,1.851955563628704948e-01,3.101660036482487004e-01,1.415482330690486235e-01,2.686247850617464739e-01,2.025767809407236775e-01,1.609342867240227959e-01,3.242264202739054690e-01,1.725183571942299210e-01,1.633323022180168393e-01,4.463724548426853400e-02,2.832952985490432285e-01,1.052104198946199887e-01,1.954283121760994335e-01,2.740189060728658865e-01,2.439980410324593119e-01,2.120131538440888364e-01,1.800391893423578249e-01,2.717919552340525291e-01,3.232647696066722753e-01,2.400015181619935267e-01,1.461995264853135357e-01,1.887062288465878868e-01,1.854041516089890984e-01,2.711524488686698486e-01,2.685835288373156216e-01,2.588776758129693323e-01,2.630207891997580205e-01,1.816309085233561160e-01,2.057552104074946431e-01
1.831034511364000583e-01,1.446976676647412363e-01,2.713635448519131077e-01,2.687722352897317091e-01,9.158974026444841043e-02,2.409721241378226519e-01,3.429463060620012715e-01,1.292671382785973433e-01,3.914257859263435835e-01,3.892815339320536694e-01,4.749290668928036752e-01,3.504357017592055756e-01,2.216886555362170830e-01,1.371106307025577176e-01,2.895455782085586405e-01,1.500000000000000000e+00,3.492452994245663911e-01,1.679909954975180586e-01,3.034938601271152669e-01,3.161735576342846743e-01,5.614357531477544017e-01,2.431361328762934593e-01,3.215706131027485370e-01,2.649071486814776333e-01,1.312162439467115249e-01,1.330441915873404046e-01,1.868867297209060030e-01,3.329663838198905212e-01,2.717274038626148469e-01,1.264974015659788287e-01,2.904763587716704398e-01,1.384669958810168244e-01,2.679687123216879518e-01,2.413364824536619879e-01,1.782862107101283455e-01,1.834729554131702134e-01,9.397623392065659886e-02,2.371405591792315470e-01,5.939202000977928525e-02,1.290443707724525935e-01,5.914089739148256641e-02,2.823219055928453125e-01,1.591252018736730167e-01,2.844376519617554111e-01,1.391117817461618722e-01,1.657620267406713366e-01,7.267082599452474867e-02,2.724501226997119718e-01,2.487688506033165492e-01,3.205292051864172542e-02,9.443332128332719566e-02,2.482339884526645613e-01,2.285883646478691356e-01,3.117959224248292305e-01,2.272650674489334333e-01,1.838652988033539215e-01,1.963664595392483614e-01,3.381482666196273801e-01,3.015433218961928175e-01,1.303512645467514719e-01,1.928475726106869403e-01,3.530083213270809317e-01,2.384720593151761492e-01,2.948018610079358170e-01,2.273251572767308604e-01,1.163057253758095072e-01,1.444631047475774532e-01,8.293599581764386774e-02
4.228260126186145218e-01,5.145337171664746689e-01,4.426965271901305288e-01,1.587588480200222696e-01,1.642722970930428905e-01,1.998315904290129952e-01,3.702299980919048217e-01,4.210981056907888709e-01,4.893759275314788493e-01,1.548501669123474311e-01,3.413797172044044093e-01,1.283077866331692185e-01,9.363802080694216823e-02,3.571333036976068742e-01,1.825455054814446587e-01,3.492452994245663911e-01,1.500000000000000000e+00,4.197512716134159660e-01,1.532313241881720356e-01,1.414469176673162076e-01,2.306995013405911954e-01,3.554736560572233639e-01,2.842119532040279783e-01,1.905120600180298940e-01,2.020498179845471864e-01,1.635464262688544057e-01,2.626643157457971833e-01,2.988593047798997482e-01,1.246154674447687155e-01,2.634868839577343413e-01,1.053248291398059533e-01,2.490031607842111971e-01,1.310349190610254622e-01,2.760932669492461300e-01,2.219878066001045591e-01,9.602309719865785576e-02,1.075196436658953647e-01,1.553774153542742953e-01,1.655930903437039803e-01,2.301885930376662004e-01,9.913792531882373305e-02,1.357880202690218696e-01,6.898268311118367635e-02,1.016932147453154245e-01,2.786340606133882458e-01,3.094503470740908035e-01,2.272826298716749682e-01,2.723738844355251265e-01,1.222523093796275273e-01,2.650284320778376057e-01,1.292241508838172792e-01,2.737360410928801890e-01,2.270262040235297984e-01,2.827893726550799736e-01,1.634881382423526153e-01,1.433146279994372274e-01,1.788062158179158645e-01,2.138444625714893133e-01,3.049428530497269030e-01,2.969639482720080603e-01,1.201406738677744113e-01,8.467321090663758321e-02,1.619186064008584225e-01,1.883054860190154778e-01,3.213902874823354461e-01,1.507802436558345338e-01,2.515741373224862909e-01,2.827698776553974058e-01
4.091426935653784125e-01,5.534380922369170897e-01,3.772781045242127318e-01,2.597252023696561274e-01,4.562193997059131867e-01,6.179476117561925885e-02,4.314690487041887845e-01,2.223775800082374299e-01,3.594729486445595312e-01,2.351931637180318946e-01,2.567431904270749410e-01,4.514483650958072136e-01,3.617661076379138363e-01,6.079041971357379559e-02,3.393199313932676042e-01,1.679909954975180586e-01,4.197512716134159660e-01,1.500000000000000000e+00,3.681382769640184627e-01,4.250556648709734597e-01,3.328641574130031811e-01,2.544021147249605486e-01,3.032133329289414259e-01,8.609128046772138165e-02,2.550407537995612595e-01,1.807693594106242196e-01,2.852179853979602830e-01,2.616139702191778160e-01,1.143702965829562490e-01,3.422008693400550583e-01,2.735429019846155052e-01,1.417292764530878879e-01,2.705947644560575127e-01,2.004947915334082953e-01,3.525989815009055173e-01,3.423108788527483570e-01,2.393850628472243003e-01,1.317705218022484082e-01,3.420580666678392223e-01,7.888754404354243743e-02,2.178222522076652123e-01,1.689271881486044680e-01,2.328310931980508425e-01,9.439132222590157495e-02,3.269453021246230273e-01,2.164010571313729758e-01,1.061945677327911924e-01,3.460555699286030906e-01,1.674838031603743116e-01,2.580431950803682151e-01,1.548317368830753327e-01,1.859880281120939172e-01,1.997693316773862249e-01,1.468364336091768640e-01,1.277404354249715157e-01,2.026417237013953820e-01,2.718246955937129172e-01,1.620513610864116605e-01,2.151420587325456601e-01,9.325631804546370696e-02,3.677294054418965841e-01,1.090808541959334965e-01,1.006309303470683258e-01,1.986846940222195823e-01,2.355288825148466880e-01,1.619719824759544846e-01,3.531845656414872581e-01,1.771272671357565776e-01
2.057939673173952433e-01,2.852789570994114232e-01,5.055156267915410506e-01,2.998335793068591659e-01,1.545926512559349097e-01,2.869697405621145503e-01,3.903501283131371319e-02,1.969453645000014408e-01,2.328695751440742479e-01,2.619293497807726467e-01,4.786756108197608439e-01,3.652594828590341458e-02,4.084634807066864770e-01,4.295973273189694908e-01,4.268603266231548732e-01,3.034938601271152669e-01,1.532313241881720356e-01,3.681382769640184627e-01,1.500000000000000000e+00,3.074597921078790069e-02,4.781863799771577384e-01,2.088736739834800016e-01,9.898143573615243718e-02,2.808227885426687331e-01,2.152372294111153384e-01,1.627266215306313046e-01,3.057922233295590209e-01,1.844129986972542490e-01,2.215838828505384550e-01,2.271903307258768545e-01,3.505429183737377996e-01,3.258516304098624250e-01,2.572436382114103026e-02,2.576131508816290605e-01,4.601193616198382547e-02,3.102198912728505453e-01,3.017352114831433063e-01,3.362909013668560765e-01,2.346964539385968940e-01,3.758915995322877901e-01,4.131368148599114803e-02,2.678207669509046762e-01,3.009297561593505810e-01,1.316863597865645108e-01,2.062525266458950512e-01,2.775282531759422078e-01,2.453466086083355979e-01,2.364296092795445670e-01,1.926631112383850875e-01,3.109116166039706530e-01,2.703554364298628165e-01,2.690183038087328171e-01,3.205431445470338647e-01,1.295091758478011945e-01,1.143312308158511981e-01,3.531869525063582871e-01,3.131902940879407460e-01,1.990951119899095345e-01,6.866486795570196644e-02,3.099757923520908842e-01,2.189544306202024226e-01,2.581997155280426059e-01,1.703195692171182163e-01,1.961682753389675793e-01,9.534463056326826502e-02,3.179586754844065943e-02,9.236888929462727660e-02,1.631752286708234301e-01
3.737042391706943967e-01,2.370048056757776134e-01,4.033097074575551222e-01,2.472934642000567396e-01,5.048378893395498723e-01,3.867704615776449417e-01,9.872000993822360737e-02,1.246650123952083022e-01,3.459708119867473952e-01,2.290761258284169932e-01,7.388796512663269034e-02,4.359128033578423822e-01,2.663424694381900104e-01,1.620559417877783237e-01,3.749652445764704023e-01,3.161735576342846743e-01,1.414469176673162076e-01,4.250556648709734597e-01,3.074597921078790069e-02,1.500000000000000000e+00,2.996598973282029177e-01,1.813625123790670868e-01,1.122251513271936840e-01,2.507825463393455467e-01,2.992159403869547665e-02,2.031674412560048326e-01,2.208861505886336452e-01,3.243693189327393478e-01,4.482374304160999245e-02,1.694112281725239366e-01,2.709451560577857965e-01,1.433023953285314789e-01,2.121403186771099181e-01,1.746832889669487354e-01,1.625975601838967610e-01,1.144351957827093036e-01,2.449096151198572602e-01,1.191054434050797528e-01,3.471814979158985848e-01,2.413242218763771152e-01,9.558094380116499700e-02,2.057481974751655396e-01,3.068088158572147561e-01,1.553091104842354853e-01,2.036843516068673754e-01,1.942488197493836832e-01,2.261927375713998767e-01,3.298978679923095791e-01,3.091707491967113017e-02,1.555369354317832353e-01,1.605608316842668526e-01,8.296122191179125527e-02,2.105485831948638031e-01,1.754396621308710047e-01,8.299033879152002691e-02,2.519675835953841814e-01,2.280978682137959623e-01,2.945450559399949708e-01,1.955486052564121280e-01,7.968333405354957599e-02,1.936863174486136985e-01,1.767035519052201353e-01,6.908243607370359585e-02,1.563995921901861486e-01,1.808108332844784449e-01,2.033265590668025258e-01,2.344689943745283944e-01,2.401100144256521629e-01
3.599881524005953404e-01,1.917827273283792822e-01,4.748857272180045386e-01,2.756708397535819199e-01,2.469134619439682377e-01,1.082198517042233243e-01,3.122612410484179035e-01,4.573765921660494227e-01,2.480912615065122562e-01,2.280194395423627840e-01,1.280334197042619360e-01,4.198944196044103183e-01,3.832295935347132532e-02,2.180026403154037840e-01,6.384531579041985427e-02,5.614357531477544017e-01,2.306995013405911954e-01,3.328641574130031811e-01,4.781863799771577384e-01,2.996598973282029177e-01,1.500000000000000000e+00,2.487962058109983721e-01,2.884835393505302270e-01,1.938276673990067533e-01,5.162359656971649002e-02,1.388869685447693958e-01,1.837959928537924725e-01,2.033551125343704968e-01,2.945194251235980221e-01,1.475168754227595969e-01,1.975011245462710008e-02,1.091650093068814720e-01,2.541467771781064089e-01,1.121538607703622958e-01,1.523833742463730767e-01,1.406900608454351720e-01,3.221863512125987539e-01,1.950660007516905603e-01,1.106412360350664814e-01,2.251282293997207140e-01,1.092294144471313982e-01,6.585758760651964916e-02,1.806990168456953927e-01,2.895969272116923898e-01,2.702488404992824944e-01,1.636657414105452402e-01,3.940892341525739084e-01,2.441866906302774809e-01,2.520361677720270310e-01,2.415374231437414920e-01,1.832752515079530964e-01,1.657502822896902983e-01,1.779164815078473905e-01,3.202537784103743346e-01,2.520149388274519620e-01,3.244861117071682344e-01,2.204924035501098223e-01,1.116740342263009833e-01,2.860958525180302692e-01,2.109043902634341605e-01,3.325389741783156827e-01,2.221826929742907464e-01,2.632375427820450864e-01,2.405742640500359575e-01,2.847537643896056458e-01,8.171739210011730314e-02,1.934318749181106467e-01,3.184019590057273197e-01
2.800049029951242607e-01,2.859106646183506850e-01,2.665464176138359620e-01,5.366049710579421372e-01,2.385371796741144190e-01,3.049364676348355063e-01,2.971683351749846436e-01,3.080826825152166437e-01,4.355369065926924521e-01,2.249804520015981080e-01,3.411954894284224826e-01,2.698783266853871377e-01,2.568996234780172028e-01,2.629570824097580695e-01,1.578458498425058809e-01,2.431361328762934593e-01,3.554736560572233639e-01,2.544021147249605486e-01,2.088736739834800016e-01,1.813625123790670868e-01,2.487962058109983721e-01,1.500000000000000000e+00,2.781600139436903318e-01,2.134227219794401498e-01,1.832715843248831633e-01,1.077792070339127356e-01,2.051477705963476728e-01,2.897797088383676778e-01,1.956390006008657256e-01,3.297097565385478379e-01,1.881930134289065970e-01,2.230755293016080665e-01,2.136961137808202627e-01,1.659216397016513578e-01,1.022190820761057217e-01,9.667795763788919472e-02,1.252256673843185619e-01,3.442990825779495001e-01,1.652161384129053057e-01,8.688844771466353034e-02,2.553051377887885498e-01,2.362501002947053341e-01,3.019130238418532008e-01,2.607087322948492547e-01,1.290928569827207717e-01,1.645049325341551294e-01,1.378419534638125887e-01,1.506533359128721661e-01,1.721357059865091244e-01,1.122248831916202172e-01,1.042359779595658925e-01,1.775380598503960572e-01,1.284207224143670001e-01,1.716519711254512193e-01,9.337518150687182383e-02,3.131245675935025868e-02,9.711583097273168708e-02,2.016661336242145941e-01,3.271119549249038028e-01,2.903899771663908114e-01,2.216714694497552429e-01,1.550692668499394078e-01,2.508162288496795234e-01,1.304961288243326745e-01,2.124830713556516704e-01,1.470656553651897569e-01,2.282907009436954682e-01,2.582239228435683209e-01
1.623015436881252993e-01,2.276176198118948502e-01,1.348929852161983578e-01,3.230707089368775042e-01,1.088698717223065271e-01,2.041541394635575379e-01,1.230990694307479566e-01,1.513622493807950942e-01,2.843281880873861356e-01,1.910565339972123133e-01,2.892954775182255966e-01,1.475336536939997611e-01,3.213667791772008009e-01,1.387450180518320919e-01,2.067998616422974112e-01,3.215706131027485370e-01,2.842119532040279783e-01,3.032133329289414259e-01,9.898143573615243718e-02,1.122251513271936840e-01,2.884835393505302270e-01,2.781600139436903318e-01,1.000000000000000000e+00,9.927848975033390366e-02,9.121697829979938388e-02,7.593742066235931176e-02,1.508686329619480238e-01,9.443047462042293561e-02,3.142124597436264377e-01,1.128412243714578267e-01,1.463727207551586140e-01,3.780049486854748786e-02,2.141947253255930550e-01,1.333197310042960326e-01,1.194411227425748456e-01,1.554264119705735525e-01,2.433147080873256929e-01,4.723884434651022535e-02,2.803279987138533880e-01,1.907718767846912356e-01,2.685061549886862409e-01,3.062807582523874861e-01,3.021563901991531909e-01,3.100645203015794937e-01,2.456079919055945693e-01,2.537028717630487318e-01,1.770134251605773312e-01,2.043361766152882175e-01,4.958780490339665531e-02,2.254237469523024118e-01,1.350360904254239713e-01,2.764281940918654756e-01,2.494482775286641085e-01,2.217889046799489117e-01,2.813733440704815347e-01,2.816926982367100041e-01,1.146812079334749157e-01,2.500299104205602196e-01,3.084176903749733523e-01,2.849868292784299983e-01,1.897220317071403040e-01,6.846975233147888085e-02,2.804643769647387486e-01,1.948149197417487211e-01,1.701087142751611936e-01,3.563380581856338825e-02,1.663066986657996960e-01,2.464179036183603844e-01
