8.000000000000000444e-01,2.185142725155107546e-01,1.552318451285481515e-01,1.740924037984162287e-01,2.405942712295641162e-01,3.746345797091651386e-01,2.286384463593283123e-01,9.130594924187560024e-02,2.030283985736356378e-01,3.477015408801532592e-01,3.845080749342232318e-01,1.568544846108407831e-01,2.025355712425290777e-01,5.861786548343221603e-02,3.417328135847342852e-01,9.272781291059764563e-02,1.118227316672114058e-01,4.418865431029900259e-01,2.442753140255012057e-01,3.530502940574440363e-01,2.737581576339640499e-01,1.600020156166344631e-01,-2.300349356031325398e-02,-3.103565309163966446e-02,-8.869269041581201440e-02,-6.909200125233108669e-02,1.059012080985958504e-01,5.181207053968717169e-02,1.027670990364822345e-01,1.401254136566959241e-01,-1.170065833117305276e-01,7.348287092424629630e-02,1.262199793197450459e-01,1.936790754406202131e-01,1.390394073624973137e-02,-1.342047047733342935e-01,8.110015153004575261e-02,-1.462923780143490504e-01,-3.871997910435398538e-02,9.439040294795006392e-02,1.452412793433095484e-01,5.300803970838419144e-02,3.122596765432028576e-03,1.421374342757123627e-02,2.133640540335677571e-01,-6.075972864948991914e-02,2.675923697564690507e-01,-6.846767868380836120e-02,7.154396160462372922e-02,-2.898512426082264226e-02,4.300744671721845602e-02,1.209482758437949168e-01,-4.432384381130027862e-04,-1.258777808191333114e-02,4.650388368284921747e-02,9.399578239272277091e-02,1.455391224105199166e-01,-3.983759544077691839e-02,1.832561816501732943e-01,1.930115328155448395e-01,4.842738794821765946e-02,-1.127904833584943423e-01,6.749883031568272573e-02,-1.087886470023430308e-02,-5.935222862739580885e-02,2.556850479989608571e-02,1.170910903937701225e-01,2.175754111849820260e-02
2.185142725155107546e-01,8.000000000000000444e-01,2.014484871694522949e-01,2.417001418625795428e-01,2.216157910901770389e-01,1.281780793552335096e-01,2.251170630608851919e-01,3.379990850751477538e-01,2.214015865917625669e-01,2.151050786577275442e-01,3.170796553859309697e-01,5.044867973619336921e-01,1.425713127430058569e-01,1.323151150530329501e-01,-7.850504288205525927e-02,5.870403040362381919e-02,2.881521490214570269e-01,2.965900510167437387e-01,1.519552461826786383e-01,1.146330362895749966e-01,1.993634541259000081e-01,5.652495181762273724e-02,-1.822781815272485340e-02,-1.582392582345255316e-01,6.402329573938664309e-02,1.602012178305012302e-01,5.388115843727969700e-02,1.479754347492879818e-01,4.503655824499902538e-02,2.467667451361076625e-01,-8.410077639292329321e-03,5.635422190110422891e-02,2.516768943302335471e-01,-2.658614581153018186e-02,7.268634974912036029e-03,-3.568015023180046152e-02,1.866640456594113595e-01,1.349418797762141353e-01,1.102616717761473186e-02,7.350895930463999250e-02,1.328594322079453272e-01,-5.839984522487309815e-03,1.146772489627556901e-01,-8.603353224067800120e-03,1.846461056946220591e-01,2.354141527773029319e-02,6.609021575633727830e-02,-1.540031450898121657e-02,1.180934483045852357e-01,-5.717911873309716730e-02,3.870228549491111503e-02,-1.332228350380381399e-01,-1.783438306141468810e-02,2.174547931713046722e-01,7.169443522468130214e-02,-3.930258709673090101e-02,1.537699850478950747e-01,-4.068845317523003824e-02,1.658963624771806478e-01,1.206908415594393491e-01,2.400451768337879266e-01,1.184949155492644457e-01,1.065260757043198919e-01,-4.220930497301009221e-02,5.736467196409272828e-02,-3.748810201145268833e-02,-2.037548988040739362e-01,1.653200947427881651e-01
1.552318451285481515e-01,2.014484871694522949e-01,8.000000000000000444e-01,-3.681571830674451595e-02,3.506039887685186152e-01,3.240421900228286911e-01,1.177659603682762596e-01,-6.110609268759009671e-02,-1.096732317107877719e-02,7.014554147942619888e-02,2.342549214016335646e-01,3.904882758365277873e-01,2.207795730298312553e-01,3.839523915780263530e-01,1.988080257266455486e-01,5.427630270683173053e-02,2.231980700205872248e-01,1.784733561916889144e-01,2.778896961807054700e-01,2.036368405722435160e-01,1.385801294125630634e-01,4.387377718568829521e-01,8.154467192705064371e-02,1.173916270083563695e-02,-3.028442537544448476e-02,3.446383038030204071e-02,-6.575670151545973119e-02,1.801983340455227955e-01,5.899693143329548528e-02,1.363847217580495541e-01,-1.514771354176556728e-01,4.548294882773402936e-02,3.906969527789919128e-02,-2.518271329831177352e-02,8.077857055580714429e-02,-4.045722249388777891e-02,-1.908944278856830601e-01,1.650119441236437834e-01,1.154469488494699880e-01,5.898092195872538246e-02,-1.892654594395262735e-02,2.554910232239334111e-01,-5.536039509418555493e-03,1.177411628684817135e-01,1.570766191913109122e-01,7.635647205515055935e-02,-6.581184424662497867e-02,1.148873157137225570e-01,5.110498861125961634e-02,-2.798128532683985537e-02,1.705479556472002389e-01,-1.068608111142475003e-01,-9.647878589826019979e-02,3.716677988450500791e-02,9.304084784214371184e-02,2.067193675910783957e-01,-1.868946763803515931e-01,-1.091809351730994859e-01,7.884132191637474585e-02,1.161969793966301512e-01,1.979409386893576928e-02,-6.678960511437057046e-02,9.991223184608977181e-02,-1.443022894303983006e-01,1.501595059794027520e-01,1.582289683744708686e-01,-1.188094349329917310e-01,1.224969482885605726e-01
1.740924037984162287e-01,2.417001418625795428e-01,-3.681571830674451595e-02,8.000000000000000444e-01,3.081264236759384545e-01,2.485085497970197788e-02,4.097306840714157739e-01,1.058916619622100874e-01,-5.215334225859159789e-02,1.668528943754687688e-01,2.306163217068503690e-01,1.805378015506977907e-01,2.453279938187587494e-01,1.969054521430537996e-01,2.384859059785315594e-01,9.437802965732808302e-02,1.315254471967343686e-01,-1.001001612418261633e-01,-3.023412256534341314e-02,2.838444165257822394e-01,1.805176128534354829e-01,2.009695925842520103e-01,2.307967476829106412e-02,-1.758193975641475504e-03,7.496902607276512143e-02,7.578599204055833094e-02,2.344965989351972813e-02,1.451700532661290288e-02,7.510991433682231988e-02,3.880500321913460393e-02,7.862421744008429858e-02,-1.288437397737318690e-02,1.438637943326877555e-01,1.137411101192245533e-01,6.185136114308167898e-02,-8.780405307393031322e-02,-1.010539065988206586e-01,-3.662324304094910499e-02,-5.845883141964466900e-02,1.169078496719350158e-02,1.524009428635330621e-01,-3.024978210423934222e-02,9.533670521838688572e-02,-1.282591914255614973e-01,8.787022257499210731e-02,8.974163138982169108e-02,-3.731298514550454581e-02,-1.751923401439642314e-02,-3.642008481981340307e-02,-2.779633040895965190e-02,-1.637578037728596447e-01,1.854151149694646394e-01,1.961718371140533379e-02,6.664405898494898950e-02,1.264126362891638267e-01,-9.134768053817171607e-02,9.344946820052990599e-03,-1.368193022111814927e-01,-1.066534799079899842e-01,-4.210633106755140576e-02,-1.507538177804751967e-01,4.664414770042055181e-02,3.852743448472106813e-02,-1.277393815917320929e-01,1.157473131313183079e-01,1.801206282211245679e-02,1.488876108039119961e-01,1.370880268545661140e-01
2.405942712295641162e-01,2.216157910901770389e-01,3.506039887685186152e-01,3.081264236759384545e-01,8.000000000000000444e-01,2.315774564180778095e-01,3.607662664404923669e-01,3.081747159710758466e-02,3.231196937793191504e-01,-5.435965991483956983e-02,1.507403930181819285e-01,2.930815787199133604e-01,2.000244401953321649e-01,5.988711149152090019e-02,1.934671517240120764e-01,-5.268697758855060698e-02,3.541528573454267859e-01,3.482036596030891329e-01,3.818593135656811466e-01,2.570287278612234938e-02,2.859005339698671988e-01,2.321936950965801660e-01,-4.558932579372704241e-03,-3.646110530730603538e-02,9.816401069700117499e-02,1.425128817954836036e-01,-5.669513443585279255e-02,-1.001187773286468380e-01,-8.170493070592485529e-02,1.872944960576244100e-01,-1.537134843356191549e-02,3.382633289105168445e-02,1.118187650633434005e-01,-1.120100924319197278e-01,-4.767684641266042855e-02,2.706582903459256451e-02,1.778731436293758406e-01,8.403483586781229642e-02,1.358992189462328859e-01,1.019766100485240273e-01,1.300805849823598037e-01,8.380815952619570519e-02,2.359578857001667362e-01,7.651040315307028328e-03,-7.084219986001094593e-02,1.276216225089540912e-01,3.460411049314998655e-02,5.632994805998103871e-02,1.671286870859865492e-01,9.007101946399954928e-02,1.640780991945645084e-02,1.225847939094657779e-01,-5.569185331087084245e-02,3.370731269858803780e-02,-4.888334591290346975e-02,-3.647126886317714201e-03,7.291660908412297970e-02,6.719904848505053874e-02,-5.165285942098138405e-02,-3.172666490146799911e-02,2.222090790812613625e-01,1.869427713739741093e-01,3.976795704212041094e-02,1.503411697256761548e-01,-1.625879249260126225e-01,1.916063473768883085e-01,-1.104471598280694217e-01,1.587051979564774173e-02
3.746345797091651386e-01,1.281780793552335096e-01,3.240421900228286911e-01,2.485085497970197788e-02,2.315774564180778095e-01,8.000000000000000444e-01,2.902764567304124688e-01,9.262883132170640632e-02,3.648965316855466989e-01,3.675169292096647222e-01,1.775872395739322429e-01,3.002059829172062377e-01,6.253964336680092884e-02,1.300387075304243745e-01,2.909434563761533754e-01,-1.821584235291898168e-02,-1.172434927293201645e-01,3.979038917616183890e-01,1.999844774553161120e-02,2.884412761398866820e-01,1.705226463703631290e-01,1.464403506760316442e-01,1.494308021660510910e-01,-8.765910561531226053e-03,-9.007734383734031236e-02,7.711275969046545165e-02,6.096288888767126268e-02,-5.435171331046095844e-02,9.201552115686528754e-02,-1.614573426209133244e-01,1.071953286137749262e-01,1.299782343082904190e-01,-4.653557912509934114e-02,-8.944666041828724934e-02,1.626997459839818472e-01,2.127264766583079891e-02,8.610446034600094389e-02,-5.582628841663250796e-02,2.307876032535416400e-02,1.782263645818845110e-01,3.233819916712177278e-03,4.178200074274870945e-02,1.419810778584581490e-01,1.174465826159909188e-01,-1.047851832304187158e-01,-1.104233053690290012e-02,-9.383981632082472046e-02,-3.396419646273962645e-02,-4.463083397337808123e-03,-1.523080689161289414e-01,4.661451935303775884e-02,2.467311870611479108e-01,1.428595925342118766e-02,1.233604173869342208e-01,1.811389052510007369e-01,1.080384098334102316e-01,-6.859318603696212824e-02,-1.138481980243271491e-01,-7.927915641669505686e-02,-5.290298055022191193e-02,1.965120598429664911e-01,1.252191501324856904e-01,1.145546648040179777e-01,-1.101879947386990299e-01,1.511752336289307053e-03,1.812853550448100814e-01,-8.723889422354544343e-02,1.920055666528714955e-01
2.286384463593283123e-01,2.251170630608851919e-01,1.177659603682762596e-01,4.097306840714157739e-01,3.607662664404923669e-01,2.902764567304124688e-01,8.000000000000000444e-01,-1.415009376177067679e-02,-1.126020004863516055e-01,2.037887359903856610e-01,1.149211800867409317e-01,-1.068211801702641933e-01,3.292501872999878954e-01,2.096273655817168791e-01,3.064132756429698290e-01,1.409085710064020835e-01,1.324037871135374245e-01,1.902907013630176225e-01,8.771370424517040132e-02,3.611377079860487727e-01,3.597388613657220846e-02,3.165226712855226943e-01,3.217287917450972756e-02,1.843176574711094529e-02,1.031370284433655027e-01,2.527022955219282441e-02,3.122075750681085893e-02,8.314139640272374954e-03,5.623292339383800797e-02,2.330376992049612572e-02,2.029520129604558965e-01,-9.633985797913000027e-02,9.016440337277439876e-02,2.029015488681007173e-01,1.280166370240479190e-02,1.158682573388842285e-01,-6.731192811308037149e-02,9.914209118394076703e-02,1.592920536464352554e-01,6.824330545579102014e-02,-6.989288174801819298e-02,-2.138670361703596534e-01,1.790139120021189134e-02,-4.517531548637690464e-02,2.797471345005531629e-01,8.579271965598089800e-02,-4.262502901637088559e-02,1.804489207394087136e-01,-2.526383922930054426e-01,9.883220887902896545e-02,-8.303737078885492506e-02,1.178652480753535903e-01,-2.811629222302591130e-02,4.211030926804831820e-03,9.856123594902088669e-02,1.278923944415479713e-02,8.646993499122396232e-02,7.971822440712086899e-02,6.938409317870816717e-02,-6.433690824257803920e-02,5.359850661287129947e-02,7.977710690400102722e-02,5.425267752005047406e-02,2.993812034116705156e-02,-1.030666448187822493e-01,1.277718621670861920e-02,2.313963363558322883e-01,2.560260824140481173e-02
9.130594924187560024e-02,3.379990850751477538e-01,-6.110609268759009671e-02,1.058916619622100874e-01,3.081747159710758466e-02,9.262883132170640632e-02,-1.415009376177067679e-02,8.000000000000000444e-01,1.103245688811920200e-01,1.965055358877509928e-01,3.780343556125311255e-01,1.524180018616583809e-01,5.366727533820685458e-01,1.671134936811530525e-01,1.417113935099432454e-01,4.785388499763876258e-02,1.957048038864807604e-01,-1.758656562073945828e-02,2.218537590296452700e-01,2.061001127059105820e-01,1.613351540947563501e-01,7.210175340692943913e-02,6.123193511447738713e-02,-5.498367198000336797e-02,9.339556674519744472e-03,3.280295486603861110e-02,2.348035699456785808e-01,9.124491745122692565e-02,1.231077958768218017e-01,6.466478090191363215e-02,1.703826177558887822e-01,-8.205431906985119483e-02,-4.953494809983829961e-02,1.621949653520379786e-01,-6.953793144337583332e-03,-1.650806880072767935e-02,-8.562379911267986587e-03,6.718091557555977422e-02,-4.482329573706249348e-02,-1.165457196185602368e-01,1.352717385103592018e-01,9.470573032279121228e-02,3.815902677715043989e-02,1.462628712745033810e-01,1.952101668111620170e-01,-7.204586381671651552e-04,1.273724725068636210e-01,2.356404389555234458e-01,-3.577561627659459065e-03,2.317913527122469342e-01,-8.822725921500813862e-02,-1.703219940600291249e-01,1.597601738438292340e-02,-1.310094789675678717e-01,-1.984421712333116483e-01,-1.764623777253977732e-01,7.234566016893706486e-03,1.061828140453202896e-01,3.567193884723604547e-02,1.861871885243007729e-02,-3.323365106494746701e-02,-8.249340514533307078e-02,1.127074938036847218e-01,1.247212310562117177e-01,1.337515772234069977e-01,8.305647998150977873e-03,6.952875838145161635e-02,-4.866986397696512756e-02
2.030283985736356378e-01,2.214015865917625669e-01,-1.096732317107877719e-02,-5.215334225859159789e-02,3.231196937793191504e-01,3.648965316855466989e-01,-1.126020004863516055e-01,1.103245688811920200e-01,8.000000000000000444e-01,7.739728191166372895e-02,5.955169558499244509e-02,2.155217969659950772e-01,2.503830981756349772e-01,1.499387636673121249e-01,1.256503359801258157e-01,3.162363078741838862e-01,3.826918313441776687e-01,2.174471672367649933e-01,1.108202434978579898e-01,1.026200229518323126e-02,1.527817340962399351e-01,1.960800209615117251e-01,4.803725004892966943e-02,6.540917117508179834e-02,3.946593880747389926e-03,2.064182369868733380e-01,-4.237750530835129870e-02,1.278505736373382606e-01,6.970906127948051090e-02,2.105368943555396832e-02,2.144531992222810657e-01,-6.592508636974407643e-02,-9.500177365661113815e-02,-1.045450092577346335e-01,-8.907543358425737412e-02,1.778813706488874269e-02,3.371123942582004984e-02,-7.084830874469207063e-02,5.364038721282241018e-02,-1.367505629749832252e-01,-3.011838316844311914e-02,1.921122175954298461e-02,1.328263358383062198e-01,-1.055866603348916549e-01,2.172005833387945228e-01,1.741347853288057745e-01,-1.280902162185540427e-02,2.162716886469143451e-01,1.574875526061317865e-01,-7.938850316555151609e-02,1.467189107553446004e-03,-8.385495209442439535e-02,-1.058761468889916485e-01,-5.756655715398198425e-02,5.270393972156241225e-02,-1.750090102398714487e-01,-6.463687859959121873e-02,-3.195692357275770057e-02,2.195426391200727689e-02,2.436098652653484464e-01,1.573896143541164694e-02,3.786116087388519125e-02,-1.205662422187190608e-01,1.181073987540633141e-01,-5.088170891980955957e-02,6.648543712283963569e-02,1.405420370781222672e-01,-2.098996391936128192e-02
3.477015408801532592e-01,2.151050786577275442e-01,7.014554147942619888e-02,1.668528943754687688e-01,-5.435965991483956983e-02,3.675169292096647222e-01,2.037887359903856610e-01,1.965055358877509928e-01,7.739728191166372895e-02,8.000000000000000444e-01,1.975735656726392842e-01,1.361130374982382485e-01,2.683072162783795012e-01,1.995671135127591311e-02,2.613773508846950477e-02,2.185467344304871662e-01,1.491075812754175112e-01,2.835494023387115647e-01,2.642634376028402121e-01,1.202300604307674492e-01,3.297760480277955875e-01,1.077809179419239455e-01,-9.482051657146731150e-03,6.885729317124020255e-02,7.567052398373685929e-03,-3.880884727634426046e-02,-7.035715166608401405e-02,1.255722105917160547e-01,1.407236105632402867e-01,6.100074190221690951e-02,1.495759860276099085e-01,1.597078789501175655e-01,-3.346016316113853417e-02,-7.629625948321536177e-02,1.058930173760955773e-01,-5.737996998521163738e-02,9.341968962255017828e-02,4.680890474663089440e-02,-9.975687144335500245e-02,-5.074108056703524605e-03,1.866019865890553020e-01,-3.695053580208609856e-02,7.271741505479220602e-02,-5.860721685656350433e-02,-2.450279343613648297e-02,-1.182260539604240712e-02,1.825769447826734448e-01,1.061671744840539666e-01,3.152500048540118893e-02,1.275086912358008306e-01,-1.975008476152408099e-01,1.955491164368955981e-01,1.706810586742321667e-01,1.694477631020677721e-01,7.851380175852820664e-02,4.301490871656790671e-02,7.748944207995045463e-03,1.094782646701615847e-01,1.530351344818692283e-02,-2.489046936445825364e-02,1.186325545282393146e-01,1.495409756249440891e-01,-1.067131694925724239e-02,1.347976833659180196e-01,2.304755056248778688e-01,1.349045748912667819e-01,-1.555908586794510495e-02,1.255430688244324466e-03
3.845080749342232318e-01,3.170796553859309697e-01,2.342549214016335646e-01,2.306163217068503690e-01,1.507403930181819285e-01,1.775872395739322429e-01,1.149211800867409317e-01,3.780343556125311255e-01,5.955169558499244509e-02,1.975735656726392842e-01,8.000000000000000444e-01,1.852519757486686680e-01,3.636782159909263679e-01,3.362791412031886362e-01,2.356667768508053373e-01,4.139480673135904620e-01,1.842922863204736750e-01,2.914001402447864431e-01,9.272054102068560955e-02,2.669686208387662130e-01,2.906430561168884541e-01,-7.358136242856311293e-02,1.242818746344614977e-02,-2.056770700469273683e-02,4.706169428881140648e-02,1.473016224731241719e-01,1.261804197572231057e-01,8.752533246146859680e-02,-3.303355311163690133e-02,-1.176770465598503401e-02,1.647984184640268190e-01,1.709688770100671606e-01,-1.835853514417669363e-01,1.558721284355449044e-01,3.217025708953592800e-02,7.979499949893593957e-02,5.289690157668454351e-02,6.710359878592114802e-02,-7.348528534454545902e-02,7.450873237249439063e-02,1.764160054228997854e-01,9.614419528853029862e-03,-1.038863002502155020e-02,1.594994646710657937e-01,5.881399218386207384e-03,1.484305547126499314e-01,6.583973499772752258e-02,6.666304224393126976e-03,-8.236345094417080182e-02,2.659752987812154523e-01,8.999584800241924865e-02,-6.799085013693632884e-02,-1.330174033669439537e-01,-3.091490852890815821e-02,-2.260414248316552910e-02,-5.597929176906266124e-02,5.528524749929575322e-02,6.961831748574226486e-02,7.815812898646684603e-02,4.432785938774191914e-02,1.414886699137750392e-02,-6.372456392844252915e-02,1.180554184087241054e-01,1.837324737363560945e-01,2.769104815409382248e-01,3.174882742227755350e-02,1.151981456820219685e-01,8.954527747923973768e-02
1.568544846108407831e-01,5.044867973619336921e-01,3.904882758365277873e-01,1.805378015506977907e-01,2.930815787199133604e-01,3.002059829172062377e-01,-1.068211801702641933e-01,1.524180018616583809e-01,2.155217969659950772e-01,1.361130374982382485e-01,1.852519757486686680e-01,8.000000000000000444e-01,1.576961369113726308e-01,2.120777871463434272e-01,2.974776364879405111e-01,2.692481754079402712e-01,3.435942802951051922e-01,1.500431394567728061e-01,1.237166777123250017e-01,5.835731833116493406e-02,3.010445973352903759e-01,2.603412542625643256e-01,2.501908409924956389e-02,2.184182712008536642e-01,8.202785675545068433e-02,-9.309330153271908048e-02,1.134144907345933373e-01,-2.840702582976933899e-02,5.714605157041111050e-02,-1.306096256436767300e-03,2.441380320733432807e-03,1.423783390318452691e-01,-6.656803255885695991e-02,-8.148116032050076174e-02,3.108340114394034237e-02,-1.230725317819433978e-01,3.936752399227694266e-02,-8.189784280832446139e-02,-2.733184099963362201e-02,7.507771400711821252e-03,-6.755810940356127281e-03,3.799849463293675234e-03,-1.329291495471153772e-01,-6.479239747436277286e-02,-1.076817133188950892e-02,-8.024872597602764057e-02,2.118859683536792882e-01,-7.204083177372150315e-02,-1.743503812834015787e-02,-1.483263415658661599e-02,1.459315465082236529e-02,-6.131627783701062984e-02,1.266637150542709866e-02,2.983900272163265144e-01,1.368524975842011493e-01,-4.607664782397571934e-02,-2.830776664479284221e-03,3.156764787488436363e-02,-7.736741517044359862e-02,1.370944132189720610e-01,-4.116033814700437166e-03,-1.131996505593230173e-02,2.346200937023276423e-01,1.228701125827950380e-01,-1.764143513582736023e-02,9.181557458101577418e-02,3.594782692224562926e-02,-1.035405679784413141e-01
2.025355712425290777e-01,1.425713127430058569e-01,2.207795730298312553e-01,2.453279938187587494e-01,2.000244401953321649e-01,6.253964336680092884e-02,3.292501872999878954e-01,5.366727533820685458e-01,2.503830981756349772e-01,2.683072162783795012e-01,3.636782159909263679e-01,1.576961369113726308e-01,8.000000000000000444e-01,2.243836554281394557e-01,3.077847636565690381e-01,2.247737412961035020e-01,2.279795589354977892e-01,-2.954045016368031518e-02,-7.952899324903087153e-02,7.267305735974134706e-02,1.525449072634436354e-01,7.447096013841116025e-02,-4.031978764583443731e-03,1.524195828482917681e-01,4.223485845402943917e-02,-7.822284613611994730e-02,-2.704090826339485831e-01,1.385243964101602332e-01,-4.294827913330415137e-02,-2.641660394899195130e-02,4.166112485998924031e-02,1.119915197312388727e-01,-2.052152637705986771e-02,1.740778587577183345e-01,-4.253504016732406745e-02,-3.524592826981629012e-02,1.615610012105706261e-01,-5.838756552613476314e-02,-1.218985517853314327e-01,1.566221294004012665e-01,4.516450723161224978e-02,-9.363026214826743188e-02,-6.836898048741515965e-02,6.587382822906436008e-02,3.277127878113150761e-02,3.246810721011501588e-01,8.594519529805944025e-04,1.275933659630549832e-01,1.728388559945429059e-02,3.263472195782352037e-04,-1.283771525172941463e-02,5.233448570138410361e-02,1.036674943846693925e-01,7.155010292159358354e-02,5.690219632408236028e-02,6.946407915502347818e-02,4.395637570960368723e-02,2.252222325789265400e-01,1.809545647961708914e-01,-2.545641347641003360e-02,4.303955332883642459e-02,1.128600001800933450e-02,-5.961980374489717072e-02,2.626418214466579304e-01,-4.979065871124260800e-03,-6.665562448244270743e-02,1.158585321873744911e-01,9.957685804506566374e-03
5.861786548343221603e-02,1.323151150530329501e-01,3.839523915780263530e-01,1.969054521430537996e-01,5.988711149152090019e-02,1.300387075304243745e-01,2.096273655817168791e-01,1.671134936811530525e-01,1.499387636673121249e-01,1.995671135127591311e-02,3.362791412031886362e-01,2.120777871463434272e-01,2.243836554281394557e-01,8.000000000000000444e-01,-3.831431628529677336e-02,4.210512065344696464e-01,2.205626082387859843e-01,1.387093724872875966e-01,2.606096944494254997e-01,1.665704201360544978e-01,2.174623481742553044e-01,4.942887750868115715e-01,-1.331416756652081534e-01,5.501485272826547868e-02,-1.090161098187144850e-01,3.882121818429185023e-02,2.173929056932362158e-01,1.474590146120502709e-01,8.417002999462941393e-02,1.604685237947170162e-01,4.966200879742077579e-02,2.163867444111329252e-01,-1.339034983921962296e-01,-1.411572935930294204e-02,6.420372826738153516e-02,-6.601083411506350473e-02,6.707403260424306402e-02,1.149500097558540379e-01,6.150675998759680407e-03,-1.936546660426884392e-01,-4.123276899426733810e-02,2.349248813998891516e-01,-5.773657181056160437e-02,6.769372517365784825e-03,1.165627369923816631e-01,-9.118101731868459570e-02,-3.408725248245325634e-02,-9.999738513267905637e-02,-1.872798073646869954e-01,1.122092692924972490e-02,1.515097540911634622e-01,-1.294704787310976823e-02,9.072729383581623619e-02,2.108424877925491048e-02,1.173675582120345673e-01,-3.459195700429040787e-02,1.694836900632117893e-01,1.562113127713698479e-01,-3.380044779999932802e-02,6.548461167580135744e-03,1.332732125632141162e-01,-5.816303226125252301e-03,-4.705844219846325172e-02,1.812179669690550110e-02,-6.461100804137384634e-02,6.169542950611853899e-02,2.242820865430067423e-02,-8.540145112829800045e-03
3.417328135847342852e-01,-7.850504288205525927e-02,1.988080257266455486e-01,2.384859059785315594e-01,1.934671517240120764e-01,2.909434563761533754e-01,3.064132756429698290e-01,1.417113935099432454e-01,1.256503359801258157e-01,2.613773508846950477e-02,2.356667768508053373e-01,2.974776364879405111e-01,3.077847636565690381e-01,-3.831431628529677336e-02,8.000000000000000444e-01,5.480673408577005357e-02,1.403614233967326042e-01,2.273363262185876810e-01,5.564570163435891836e-02,3.540180939272075111e-01,2.227752903795802153e-01,1.063916878949666689e-02,4.077736089693917432e-03,1.728109001733332539e-01,1.311908492901637246e-01,-8.051278645482906615e-02,-2.026578403575057252e-01,4.347419344851322087e-02,6.442614218641087853e-02,5.550204804291034022e-02,-2.446070166282809932e-02,1.284978386391014138e-02,2.492367232327979965e-02,1.988137640419894714e-01,1.256546925825131056e-01,1.053101446532941632e-01,-1.988026808234732989e-03,4.413527026396585340e-02,4.301364181529565567e-02,3.989435649230346770e-02,3.497292648262040338e-02,4.576113542101824250e-02,-1.531208884093107625e-02,-1.507662061434877909e-01,-3.124144604680456627e-02,3.325649247198506075e-02,-1.648974289889781342e-01,5.606689195336883591e-02,1.939584475238627093e-01,-9.110082832785873497e-02,-8.146915433785067995e-02,3.359696317679687627e-02,5.204655742767172466e-02,-1.583397383922090784e-01,1.583938448715468406e-01,-3.859761369231018424e-02,3.559650303160166729e-02,1.053333164759117646e-01,-1.443089477125542031e-03,2.392968013864976706e-02,1.516501159597755666e-01,-1.156462068132754761e-02,1.218644819734999163e-01,1.462743340414280335e-01,5.589906263772377593e-02,1.801484038942152421e-01,-1.480199435011255726e-01,-6.604660387530243704e-02
9.272781291059764563e-02,5.870403040362381919e-02,5.427630270683173053e-02,9.437802965732808302e-02,-5.268697758855060698e-02,-1.821584235291898168e-02,1.409085710064020835e-01,4.785388499763876258e-02,3.162363078741838862e-01,2.185467344304871662e-01,4.139480673135904620e-01,2.692481754079402712e-01,2.247737412961035020e-01,4.210512065344696464e-01,5.480673408577005357e-02,8.000000000000000444e-01,-8.314619633548515909e-02,3.807517276903590320e-01,7.747514968362297083e-02,6.560485346332606271e-03,2.954223908892597006e-01,-6.387702513501508639e-02,1.121994713808705108e-01,6.976752945434860909e-02,7.344125685280133986e-02,-8.681751044390445538e-02,5.018719100948704215e-02,8.335924852424446418e-02,1.141636018708143407e-01,9.629620513424930195e-02,-8.458081818067489377e-02,1.761307688182992270e-01,6.709653697484194157e-02,3.979937759020651944e-02,1.160565702415277123e-01,1.826172718367213010e-01,3.423658191445712318e-02,-2.489858421192640836e-02,1.106323641798789559e-01,-2.720241595475125784e-03,4.598313947835858118e-03,8.628354397453506797e-02,1.051596657465331541e-01,-3.909711698214055065e-02,-1.267384865109513759e-01,1.915371636002771716e-02,-5.575024675715556377e-02,7.846124981821231414e-02,-8.655006652157820612e-03,3.036998910669828633e-01,7.735383434513566636e-02,-1.682903291427007009e-04,-1.724634227256095498e-01,6.971310287628007529e-02,1.254223124305475501e-01,1.478647459534961628e-01,1.417690403849491965e-02,-1.057640805836971287e-01,1.457330020187516673e-01,1.093776907780947827e-01,1.166413168345250828e-01,-7.860070387629897182e-02,1.071811786704107150e-01,1.845676461123720580e-01,8.114762048246890180e-02,1.655279350391472559e-01,3.479785139049318410e-02,1.400957273122398761e-01
1.118227316672114058e-01,2.881521490214570269e-01,2.231980700205872248e-01,1.315254471967343686e-01,3.541528573454267859e-01,-1.172434927293201645e-01,1.324037871135374245e-01,1.957048038864807604e-01,3.826918313441776687e-01,1.491075812754175112e-01,1.842922863204736750e-01,3.435942802951051922e-01,2.279795589354977892e-01,2.205626082387859843e-01,1.403614233967326042e-01,-8.314619633548515909e-02,8.000000000000000444e-01,1.872073163156190712e-01,2.869433675698540576e-01,6.707304018846284299e-02,4.380631114756486366e-02,1.266321282823992256e-01,1.706280280694305040e-01,1.171729566554270685e-01,-1.224528169167454772e-02,2.296768648547720115e-03,5.140171742278432099e-03,-6.289607053370532830e-03,1.322248684178262135e-02,4.659681694058337431e-03,5.037272073659831984e-02,1.291829087389902986e-01,1.017510451846229125e-01,1.843307642512698463e-01,5.187714602102469486e-02,-7.395667955877030519e-02,4.587470289557871173e-02,1.004369348644880283e-01,-1.166764009897011678e-02,1.184463480328620255e-01,3.073057788163963133e-02,1.047981567171717421e-01,1.026925086621361949e-01,-3.746234226418423963e-02,7.249592931791615236e-03,1.318820147345228511e-01,-7.902310527478334512e-02,6.012775704654910180e-02,3.427862386622154700e-02,5.765348603042358411e-02,-8.699764923728009469e-03,8.663859828456846324e-02,1.015569470401917473e-01,5.584514707985371862e-02,1.800860925651602273e-01,1.671955959187726437e-01,6.126445653656142909e-02,1.466378907212235738e-01,3.258664665001534400e-02,1.859577137459585972e-01,1.728425022174059633e-01,8.987918160681258872e-02,4.473636995787066972e-02,-5.973526355831418333e-02,-1.891332539229702014e-01,-7.772125576680755099e-02,-7.894347361545775432e-03,-1.068030448343348648e-01
4.418865431029900259e-01,2.965900510167437387e-01,1.784733561916889144e-01,-1.001001612418261633e-01,3.482036596030891329e-01,3.979038917616183890e-01,1.902907013630176225e-01,-1.758656562073945828e-02,2.174471672367649933e-01,2.835494023387115647e-01,2.914001402447864431e-01,1.500431394567728061e-01,-2.954045016368031518e-02,1.387093724872875966e-01,2.273363262185876810e-01,3.807517276903590320e-01,1.872073163156190712e-01,8.000000000000000444e-01,1.276938552015833561e-01,2.929997062242587491e-01,2.908832332432536583e-01,9.391794234189579371e-02,1.419570246943971104e-01,-9.308415768446176575e-02,5.278254974986601455e-03,1.053002117923545894e-01,-9.463222542198951315e-02,-1.151329265212548830e-01,1.211134186779972699e-01,3.428276704434442268e-02,1.856258432369514710e-02,7.556794893110879707e-02,6.889453013632784728e-02,5.866541606068392811e-02,-5.254548538566550242e-02,7.636962386486886856e-02,8.500433941086305012e-02,7.050318080496709161e-02,-3.910324529730307974e-02,-1.301964074436618990e-01,7.483141155912020892e-02,1.470426679007253434e-01,-1.113097731317204409e-01,-1.106229064785152483e-02,1.646681655378504083e-02,4.859497489426972683e-02,1.527183076866041878e-01,-1.501580127793627484e-01,5.013424307975267169e-02,-1.687045968607975288e-02,1.480045701340717834e-01,1.422665393715679683e-01,4.836360084461613362e-02,1.527085006065712625e-01,9.839552307543006360e-02,-4.051186242808074711e-02,-5.026360488097994517e-02,-1.294147548175983431e-02,-1.597246509846464713e-01,-1.577549960033877707e-02,2.077998879774503593e-02,-2.059737545250304447e-01,-8.032032958585504090e-02,4.204050001929449110e-02,-4.365445745515170173e-02,5.709493106209656554e-02,1.429120670020863626e-01,-4.374679923441943119e-02
2.442753140255012057e-01,1.519552461826786383e-01,2.778896961807054700e-01,-3.023412256534341314e-02,3.818593135656811466e-01,1.999844774553161120e-02,8.771370424517040132e-02,2.218537590296452700e-01,1.108202434978579898e-01,2.642634376028402121e-01,9.272054102068560955e-02,1.237166777123250017e-01,-7.952899324903087153e-02,2.606096944494254997e-01,5.564570163435891836e-02,7.747514968362297083e-02,2.869433675698540576e-01,1.276938552015833561e-01,8.000000000000000444e-01,2.949602026935951304e-01,3.213853102658837946e-01,1.678896243764376184e-01,5.215429785518577166e-02,-8.226786442136535538e-02,1.827065995630472450e-02,2.362889411616937441e-01,-3.534652986924163853e-02,-4.335015555241727991e-02,1.137331660656861199e-01,2.855859384287612324e-02,1.195106291993160152e-01,2.091521840081907169e-01,2.533165410118023431e-01,3.372271101781654234e-02,5.055088708389823826e-02,-2.981637002020945393e-02,7.368549782105102142e-02,1.846304353443226354e-01,1.763264760607259340e-01,-1.340893543359303330e-01,2.412882120079617998e-03,-3.225855951582370928e-02,1.059424880466770247e-01,-1.682425967969434777e-01,1.295138608421785853e-01,-5.138669908283427512e-02,4.379849602292015809e-02,7.805416032736063603e-02,2.092206442547544509e-01,-6.198835096517374410e-02,8.160754553081811524e-02,-1.340604041322712714e-02,-7.541257795738837144e-02,5.612258404231312836e-02,1.511040454250362486e-01,-1.618677323123939582e-01,1.703308017951873921e-02,2.814225259654001832e-02,2.149541810463390934e-01,2.455199208730095561e-01,1.631873268894157292e-02,-6.615806500858570360e-02,1.696396623689022110e-01,3.403016334366876228e-02,2.941523414791212543e-02,5.283227215582483871e-02,1.307180647077052504e-01,1.133614677356201139e-01
3.530502940574440363e-01,1.146330362895749966e-01,2.036368405722435160e-01,2.838444165257822394e-01,2.570287278612234938e-02,2.884412761398866820e-01,3.611377079860487727e-01,2.061001127059105820e-01,1.026200229518323126e-02,1.202300604307674492e-01,2.669686208387662130e-01,5.835731833116493406e-02,7.267305735974134706e-02,1.665704201360544978e-01,3.540180939272075111e-01,6.560485346332606271e-03,6.707304018846284299e-02,2.929997062242587491e-01,2.949602026935951304e-01,8.000000000000000444e-01,-2.036289201033311680e-02,4.543440898657705174e-01,1.097947836759603779e-01,9.382587886150263456e-02,5.069361289780030533e-02,1.040769364378265477e-01,-8.032552155398256510e-02,2.207158237445890625e-01,-1.455493804471738595e-02,-5.909293063351135633e-02,-1.190296507769358358e-01,-8.117769068604460680e-02,1.291237864256351564e-01,-1.122984816677553566e-01,-2.515014983938645976e-01,1.164553795889169546e-01,6.381625545036567759e-02,3.862707623996484985e-02,-4.851911154093971335e-02,2.029313423282575468e-01,-1.001453711736682572e-01,1.450668344424760337e-01,-1.076894820756527371e-01,-1.253809370991090799e-02,-6.339740095308106504e-02,-8.422863770972469077e-02,-1.565612943810695823e-02,1.069990310391993743e-01,2.755277227796943951e-01,1.996843937506471156e-01,-1.117037856672624396e-02,-2.501184416902710317e-02,1.113506079300018159e-01,4.156766025757835381e-02,4.105735351643777231e-02,-3.943547707604812269e-02,-8.936123272650972615e-02,-1.919162048803357279e-01,5.052644347066675978e-03,4.510861995900444787e-02,-6.748186964279140332e-02,5.778133762574780286e-02,8.328686940469925970e-03,2.005533487270346193e-01,-2.645600874625192445e-02,1.397039483235027468e-01,1.492336003319864601e-01,1.721078796017533330e-01
2.737581576339640499e-01,1.993634541259000081e-01,1.385801294125630634e-01,1.805176128534354829e-01,2.859005339698671988e-01,1.705226463703631290e-01,3.597388613657220846e-02,1.613351540947563501e-01,1.527817340962399351e-01,3.297760480277955875e-01,2.906430561168884541e-01,3.010445973352903759e-01,1.525449072634436354e-01,2.174623481742553044e-01,2.227752903795802153e-01,2.954223908892597006e-01,4.380631114756486366e-02,2.908832332432536583e-01,3.213853102658837946e-01,-2.036289201033311680e-02,8.000000000000000444e-01,4.538976374554442028e-01,1.247004176434265421e-01,2.036701716752556679e-01,9.048331729078598618e-02,6.574130451345835957e-02,-1.345206237110370406e-01,-1.877217099248939536e-01,-5.849903043280121895e-02,9.142716237198855733e-02,1.162612013687076007e-01,1.742650996249079931e-01,3.580486519272130241e-02,-3.149026964610088242e-02,1.464294629805082404e-01,3.128856576766203546e-03,-6.865075357213101803e-02,5.934741603543977617e-02,2.743519692248722053e-02,1.216261544138428907e-01,-4.078184027610048945e-02,7.770599835590698279e-02,1.095144609863188401e-01,1.389105745405075643e-01,4.030231425680969037e-02,-1.214508576489676528e-01,1.673117159030949597e-01,6.038038430565556558e-02,-9.234129783648978296e-02,1.020940725311729469e-02,-1.733066475238051463e-02,1.411950787744865043e-01,1.728761861048161985e-01,1.601151441659937891e-01,1.857306257570662256e-02,5.357560548492665276e-02,1.570186991089399242e-02,1.065578140725072093e-01,-7.527591131983979444e-03,1.818814923306511511e-01,-3.405403012305796562e-03,-4.848490379627226621e-02,2.577554501606657000e-01,2.019423779549163189e-01,3.955729073642483273e-02,1.648650048056194695e-01,-1.540879606852119110e-02,4.667005270472063261e-03
1.600020156166344631e-01,5.652495181762273724e-02,4.387377718568829521e-01,2.009695925842520103e-01,2.321936950965801660e-01,1.464403506760316442e-01,3.165226712855226943e-01,7.210175340692943913e-02,1.960800209615117251e-01,1.077809179419239455e-01,-7.358136242856311293e-02,2.603412542625643256e-01,7.447096013841116025e-02,4.942887750868115715e-01,1.063916878949666689e-02,-6.387702513501508639e-02,1.266321282823992256e-01,9.391794234189579371e-02,1.678896243764376184e-01,4.543440898657705174e-01,4.538976374554442028e-01,8.000000000000000444e-01,-4.167669633529068329e-02,1.768220444253117696e-01,3.837508329660055395e-02,1.790121857730377075e-01,-1.375423653591702489e-01,-3.190657973685351312e-02,-8.744657232726785190e-03,7.587527576586594602e-03,-5.693261748366496011e-02,-1.215295612361045746e-01,3.637259112373766867e-02,5.214542707551458878e-02,1.243764785358304065e-01,1.448531906952695847e-01,-5.638311713980620477e-02,3.412992466220762799e-02,1.556357179041295002e-01,1.068269945318337244e-01,1.198260627950234747e-01,5.797130938243430509e-02,3.801485300272134521e-02,1.739275412523642872e-01,4.005120501093320518e-02,-3.475898191496176737e-02,-8.534181556354183962e-02,1.937497877309481420e-01,1.481023672026719196e-01,3.915822996890525043e-02,1.262786612102783923e-01,1.725005745974721172e-02,2.240937697559038655e-01,7.887016123616691354e-02,9.996008034680486931e-02,-9.215495610335228127e-02,2.242059101464385917e-01,1.339473338229447141e-01,8.198995486825011447e-04,-3.980120941592599215e-02,1.067834328185650605e-01,1.050760413932980697e-01,1.270203751915915946e-02,-9.008693643471188395e-02,-1.024288134302790698e-02,-1.363035742889172619e-01,1.021842885286320113e-01,-5.888394762905253821e-02
-2.300349356031325398e-02,-1.822781815272485340e-02,8.154467192705064371e-02,2.307967476829106412e-02,-4.558932579372704241e-03,1.494308021660510910e-01,3.217287917450972756e-02,6.123193511447738713e-02,4.803725004892966943e-02,-9.482051657146731150e-03,1.242818746344614977e-02,2.501908409924956389e-02,-4.031978764583443731e-03,-1.331416756652081534e-01,4.077736089693917432e-03,1.121994713808705108e-01,1.706280280694305040e-01,1.419570246943971104e-01,5.215429785518577166e-02,1.097947836759603779e-01,1.247004176434265421e-01,-4.167669633529068329e-02,0.000000000000000000e+00,1.357451730973074921e-02,-4.539594731323476351e-02,-7.376383957299635641e-02,-1.747717904760053564e-01,1.809573336540332977e-01,1.696719366156540509e-01,8.344695796390283471e-02,1.438896131122116562e-02,-9.874611500176760925e-02,-1.595761376684617927e-02,2.090038949244939492e-01,8.960648308942495421e-02,-1.576935855366187744e-01,-4.708067435105309229e-02,1.565675684145551028e-02,-9.254734502212036418e-04,2.208982026510987184e-01,7.230441982794988398e-02,9.240670454570332204e-03,2.264879420224825690e-01,-1.980447001793696205e-02,-3.869357982639404225e-03,1.931621079473892777e-01,-2.175798297165334738e-01,1.693439253037880010e-01,5.277745794919491695e-02,-3.010409180402071061e-02,7.259227047946839595e-02,-9.063542856767495270e-02,4.912655108551514105e-02,1.794095229471386610e-01,-4.121727305255758200e-02,1.561663806600175342e-01,4.177575407176392641e-03,2.085623102591449562e-01,1.689488062990056050e-01,-3.615223883980681063e-02,1.963227669506530937e-01,-5.997442616696713191e-03,-1.021347181314239405e-01,-2.848123157422330354e-02,-3.446842820122014706e-02,2.006185378209880410e-01,9.386812490063607683e-02,-7.680543718552390597e-02
