1.500000000000000000e+00,2.903837722559724291e-02,2.777744324231312123e-01,2.321953514471208346e-01,1.968990912434540053e-01,1.455449335706417990e-01,2.322904203993634009e-01,1.815566337329155289e-01,3.176111287419901008e-01,2.910730212012453411e-01,2.385250952734182528e-01,1.936227425321694340e-01,3.877807549964653044e-01,2.765593316260496759e-01,2.411295238361222948e-01,4.094095534203390230e-01,2.204522884784283765e-01,2.125995400800394508e-01,2.188579355927591785e-01,2.239379870262600547e-01,8.941269741541452154e-02,1.504950188605093941e-01,1.098886622649243583e-01,1.599394927382633835e-01,5.775087124976070047e-02,3.467856989421579800e-02,2.183022577186433111e-01,1.661222335996391797e-01,1.684934211809500093e-01,5.084640692658101702e-02,2.215777327586652967e-01,1.801027590186803362e-01,1.291948858939819811e-01,1.207185867772739146e-01,4.618242904351062272e-02,1.269964951465901715e-01,1.969379223346096608e-01,1.732159434819004196e-01,7.328294565237901403e-02,1.773706083323649263e-01,1.253800615365971427e-01,1.636744473719601023e-01,8.336855056079060800e-02,5.751039667417669893e-02,8.927001504257753295e-02,2.597759402608752488e-01,9.237445377177053163e-02,1.879572340135695352e-01,1.197540601188642057e-01,1.959649801901650334e-01,1.018055573082140841e-01,7.982262926346596343e-02,1.336379914256020096e-01,1.275921832958176461e-01,6.041328329270165276e-02,1.684911974517011579e-02,1.768092536738715970e-01,1.704478065852641500e-01,1.720774070082684570e-01,5.332631559819541595e-02,2.001660284263423184e-01,1.615025578717334265e-01,1.115204465002707784e-01,1.711283716445169412e-01,5.092636715516962731e-02,1.237547089466720512e-01,3.945578778637903045e-02,7.297537458749214778e-02
2.903837722559724291e-02,1.500000000000000000e+00,2.648772055224571376e-01,2.224257996998897091e-01,5.862051001182440324e-02,3.164264394341080311e-01,1.482868417341221545e-01,9.953670981886331148e-02,4.075640552072188338e-01,8.492016281151783252e-02,2.604667028342211865e-01,3.673938822553659000e-01,3.097764888920562232e-01,1.431582840964156222e-01,1.055492508318188194e-01,9.069911674915169530e-02,3.595930904106469095e-01,2.225149358210773420e-01,3.918452160310579857e-01,2.042876005241239801e-01,2.624089213527996955e-01,1.550226181690645411e-01,1.788205132904818195e-01,1.735554758396779251e-01,1.362327803698140660e-01,1.293136530484670921e-01,8.630460188852856485e-02,1.564644404431178581e-01,2.007061348382229160e-01,1.124812583702722302e-01,1.171255249766805923e-01,9.973758988548178661e-02,2.994477382675001659e-02,4.489364422647848518e-02,1.699302955582304153e-01,1.578601689761078009e-01,2.491779694839701964e-01,1.607016098320931952e-01,2.198353278141629841e-01,1.861480472953133958e-01,1.214006730055829514e-01,2.197446334581420746e-01,1.546387662848774935e-01,1.022613901231998745e-01,1.731417775173337004e-01,4.726951407504234592e-02,1.492755904882642759e-01,7.390834995975374688e-02,7.317522674990134535e-02,1.970615303319357414e-01,4.294913504982521280e-02,8.815384752445773464e-02,4.986787869675357587e-02,1.256220043445026580e-01,1.662935729832022702e-01,1.622777356132131255e-01,1.505565257002816626e-01,1.981654370407769372e-01,2.524787677675488506e-01,1.224606580090809582e-01,1.141197849312167445e-01,8.701216347144125063e-02,1.879970367141501619e-01,1.817362225356441152e-01,1.622124895326888527e-01,4.340564440796775003e-02,1.548856699280173332e-01,1.355227522427099873e-01
2.777744324231312123e-01,2.648772055224571376e-01,1.500000000000000000e+00,2.323120055087025126e-01,3.149819885872484626e-01,2.576028194743943400e-01,8.172599308459750633e-02,1.225013880724533516e-01,8.703486467357568479e-02,1.559719621756910923e-01,2.558382320897784612e-01,3.242613803362857650e-01,1.488605916049542677e-01,3.306533214246906160e-01,3.534265802908216347e-01,2.039040166842325252e-01,2.838241173344836499e-01,3.263015750335045984e-01,2.719714044502359873e-01,2.722896090454096640e-01,2.025310583218613569e-01,4.029252515556232955e-02,1.362823713819462934e-01,1.116102274890540084e-02,1.796837550936306593e-01,7.693503033962523219e-02,5.767966823898122014e-02,1.274265141786857236e-01,1.204482560282258141e-01,9.505984391441353598e-02,1.863123860781306651e-01,1.644854304157503111e-01,1.644464720434138383e-01,1.202985264058601678e-01,2.890309300037505191e-01,1.407045362591962945e-01,9.057829790145074944e-02,1.561344457030055394e-02,7.149338537151705975e-02,1.626156277417568630e-01,1.337911243695595886e-01,2.045701131121676619e-01,1.607344859232827106e-01,8.488208168248832786e-02,2.542593317578062395e-01,2.219419012818023840e-01,9.138703109473145236e-02,7.941126391419842112e-02,5.938589579667042512e-02,8.869180016907948771e-02,6.141352540980644925e-02,9.651918462828726342e-02,1.030753999135173848e-01,6.361467096799497400e-02,1.216669777557529003e-01,2.075088352402103542e-01,1.355029415543987092e-01,1.218346396042773727e-01,1.578095263527592163e-01,6.954576080731590670e-02,1.266833413064420988e-01,1.766255393466282519e-01,1.017895853457717326e-01,1.106292636907253019e-01,1.940636624005801503e-01,5.510785148665171135e-02,1.475430065062585949e-01,2.162610866848735935e-01
2.321953514471208346e-01,2.224257996998897091e-01,2.323120055087025126e-01,1.500000000000000000e+00,3.199854028982285770e-01,3.821727982304762294e-01,1.201011787395889763e-01,1.463670206505868765e-01,1.644146121048171150e-01,1.698707987463444480e-01,3.103127975380167158e-01,6.711568499315259673e-02,2.110318416727005042e-01,1.153568744203929408e-01,2.964549031094172449e-01,2.264070587347430108e-01,2.166407845758012707e-01,1.389895585381247800e-01,2.089093341250411184e-01,1.672391801087498020e-01,3.273476525719979380e-01,2.309578163844043242e-01,2.306215731815033920e-01,9.723374717978151838e-02,1.101540970105912703e-01,1.709098424937274263e-01,1.175293523721407662e-01,2.063304063158598045e-01,6.991700952464879881e-02,1.044361830416012660e-01,1.989374765234178666e-01,1.511319182170194897e-01,1.882830408256077614e-01,1.048579962055469772e-01,1.475642306593536734e-01,2.185086891119367991e-01,2.455945021216482949e-01,2.307978381963570746e-01,1.130930943634524954e-01,1.809605009754393923e-01,1.292463251523306433e-01,1.559831500298325957e-01,2.771233797765822460e-01,1.386120281724627368e-01,1.249146807840422063e-01,6.696326854826298303e-02,1.554696660528142038e-01,7.768463150523674532e-02,6.063270980834880447e-02,2.711699338587478803e-01,2.204674802838054726e-01,1.180568052213198105e-01,2.073649687338351422e-01,1.207851175479913997e-01,1.180134369744451073e-01,1.990207207194341077e-01,1.889170219541698170e-01,8.036994556654294963e-02,2.423577139885393361e-01,2.141698274156755566e-01,1.511170304543001663e-01,2.204032479462111060e-01,2.278305131220815238e-01,1.085014906461626571e-01,2.607601133077537270e-01,9.006581805603833257e-02,1.566207343891555248e-01,1.904487714500855411e-01
1.968990912434540053e-01,5.862051001182440324e-02,3.149819885872484626e-01,3.199854028982285770e-01,1.500000000000000000e+00,1.817047861814915233e-01,3.436144400890467909e-01,4.066868061358039910e-01,1.945057580359663141e-01,2.451237841878179946e-01,1.388435088088120217e-01,8.491580463413955782e-02,2.931125050459432724e-01,2.553755288439175097e-01,3.951712570538585823e-01,1.027705457770265729e-01,1.811535125841786664e-01,3.567467955440929428e-01,7.454106298743753967e-02,3.012964801414631522e-01,3.799775465039253453e-01,9.783624771652635332e-02,8.555618787391526536e-02,1.819029724990734176e-01,9.547008709975403351e-02,1.319148114852220777e-01,1.686026436231140013e-01,2.063315489758457688e-01,9.984244967985229924e-02,1.109589924707487518e-01,1.441466035045677885e-01,5.366743202533533902e-02,1.944785251724873432e-01,2.516168914530746425e-01,1.914153436759106763e-01,7.638197721695333398e-02,1.577520294677949020e-01,1.357520358925397297e-01,2.080657889016044315e-01,6.377481336622419991e-03,7.843534529333269500e-02,9.840369132533946517e-02,1.540504012987989335e-01,1.711796093972631216e-01,2.501172578176451555e-01,2.563257999717560853e-01,2.016348481299407580e-01,2.354935605246446240e-01,1.839791158924063141e-01,1.167933574224505611e-01,1.142006040659550581e-01,1.314520135562369796e-01,1.182546276135223035e-01,1.123371906934521325e-01,6.175433723139625575e-02,1.577648616853821462e-01,3.080913262548869158e-02,2.501660739342996265e-01,2.268052545688951094e-01,9.524334273761983494e-02,1.918613582128104178e-01,2.306013117639505727e-01,1.612919434009069675e-01,9.809164032662051613e-02,2.268811190499651631e-01,1.568591182027249675e-01,2.756688809467258139e-01,1.750220338695617495e-01
1.455449335706417990e-01,3.164264394341080311e-01,2.576028194743943400e-01,3.821727982304762294e-01,1.817047861814915233e-01,1.500000000000000000e+00,2.573062736152766927e-01,2.223515787128764187e-01,4.011613458825127876e-01,2.186276722349174972e-01,3.811047329674074891e-01,2.163248150539679171e-01,2.447508653952469304e-01,2.373981705346861759e-01,2.481272847746672505e-02,7.477832702437850476e-02,3.769456354801805631e-01,2.548602573491248746e-01,3.046578276269986119e-01,1.621192761294254492e-02,2.025514685143008364e-01,3.123219168718384675e-01,1.809772791749451604e-01,3.361308428288885264e-02,1.922279497373358681e-01,2.477508433158298329e-01,2.354260337283940463e-01,2.442736761432859893e-01,2.148828932242578260e-01,1.320667952596081551e-01,1.708628492592037529e-01,1.916058202779342967e-01,1.574009019798783826e-01,2.102610415757117379e-01,9.077041648260669726e-02,3.559716047199939365e-02,1.275812164337611632e-01,9.343241808266185278e-02,2.482204944356851128e-01,1.088933350674823053e-01,9.796157505995173320e-02,1.480748099925957850e-01,1.902702563703432270e-01,2.373808369169501109e-01,3.494384033805417178e-02,1.980529673038487204e-01,6.901575094024338386e-02,1.024199493558739932e-01,1.911606661514349548e-01,1.409132666541690060e-01,8.397930239002604491e-02,1.528786763686575123e-01,1.833758694846052695e-01,7.881644471878783420e-02,7.804266334413367812e-02,2.458606247170641579e-01,7.851103402770649720e-02,1.329059288052853727e-01,2.034615224865299887e-01,1.406978110543338489e-01,1.612798217627382236e-01,5.383869855350693900e-02,1.232347835564188698e-01,1.327881180259097571e-01,1.214762974327015799e-01,2.779876116214179405e-01,2.170048963832290345e-01,1.517232133879138078e-01
2.322904203993634009e-01,1.482868417341221545e-01,8.172599308459750633e-02,1.201011787395889763e-01,3.436144400890467909e-01,2.573062736152766927e-01,1.500000000000000000e+00,1.894993594079572574e-01,2.053610445218766734e-01,2.736608415198502064e-01,2.606091516804592279e-01,1.925767939860815736e-01,2.434540065586998925e-01,7.392422052438792079e-02,3.974005528981153224e-01,2.293596163678163491e-01,3.009725734797147889e-01,9.973287405931755001e-02,1.184716210827871929e-01,2.146225419366857012e-01,2.505802321242184272e-01,4.259585917575817726e-01,1.779459433508818744e-01,1.884398979785446016e-01,1.243069016807055865e-01,2.464909905378681598e-01,2.180119198545341641e-01,1.502951091533194228e-01,1.465754950495204711e-01,1.168097077742680789e-01,2.230373335394891243e-01,9.557443496775182290e-02,1.079429824337416743e-01,1.845901037575624903e-01,1.681225086368482169e-01,2.475949530146712152e-02,1.401257742064146716e-01,1.605075045088974472e-01,2.605551313731949703e-01,1.411202636774920860e-01,1.554672947990383969e-01,1.943124671224423783e-01,1.431862096574093302e-01,1.075384475519784028e-01,1.799743952723307783e-01,2.097042382035305963e-01,1.445299642390024120e-01,6.622434000149773903e-02,1.109297053078536488e-01,5.140348215977142560e-02,1.777273561949894165e-01,7.083995278312382737e-02,1.706555883768678950e-01,1.512675657386455819e-01,1.612356597006444348e-01,1.317428968375877751e-01,1.254472356259085652e-01,1.681190015182354724e-01,1.322263560370224855e-01,1.000117762515501108e-01,4.511599812310881918e-02,1.084238872095562856e-01,1.502705702689201284e-01,1.551585014645355809e-01,1.261445579877100154e-01,2.007101497152817826e-01,5.984034374394667233e-02,2.014312399107064944e-01
1.815566337329155289e-01,9.953670981886331148e-02,1.225013880724533516e-01,1.463670206505868765e-01,4.066868061358039910e-01,2.223515787128764187e-01,1.894993594079572574e-01,1.500000000000000000e+00,3.084453002327851578e-01,3.201155389952087260e-01,1.756459656655391666e-01,3.210354034120758704e-01,2.468366462137389639e-01,4.194502234631725668e-01,1.869539553428372081e-01,9.918951363061850879e-02,1.760833884246424397e-01,3.542081474017084175e-01,3.638812000507900546e-01,3.696691796029247246e-01,3.372802533520071755e-01,3.128311970683643750e-01,9.557524442744763649e-02,2.211870761995355927e-01,1.217434655555954953e-01,1.288052199484511218e-01,2.176529035049674099e-01,1.134739650024975677e-01,2.056070339145953108e-01,1.100360555800434653e-01,2.016419601590883071e-01,6.178262096826347971e-02,9.965575521063092801e-02,2.007549424114276615e-01,1.481717456749822304e-01,1.779665173705988201e-01,2.231193948395740478e-01,2.482694526725089113e-02,1.513692663945399586e-01,1.255740709138255806e-01,1.908231581316344738e-01,2.109650166108806846e-01,1.378050610925874442e-01,7.522806434925172203e-02,1.763146625673384094e-01,1.629931446963396868e-01,2.344558985209427848e-01,1.547689061383570874e-01,2.021158714795226186e-01,1.496031850238822847e-01,7.665260502625186045e-02,7.113128078263775134e-02,8.443102820899808791e-02,1.987457823295918011e-02,1.759927028929102466e-01,1.145714895967465952e-01,1.184752900339080262e-01,7.959094948732443886e-02,1.785579221510937703e-02,1.517341549547261137e-01,2.146633455231085064e-01,2.539225980382470160e-01,5.920761312520302772e-02,2.096602099837979738e-01,1.815521403607812112e-01,1.183321555650339585e-01,5.530912151104921959e-02,4.656138495096494301e-02
3.176111287419901008e-01,4.075640552072188338e-01,8.703486467357568479e-02,1.644146121048171150e-01,1.945057580359663141e-01,4.011613458825127876e-01,2.053610445218766734e-01,3.084453002327851578e-01,1.500000000000000000e+00,2.224729346558531051e-01,1.844634394018165591e-01,1.085727770500392181e-01,3.041865919985879962e-01,3.707499057056861530e-02,1.748851905826968034e-01,2.913686393404293917e-01,3.474636892452818149e-01,3.507856486192941214e-01,2.020774272596387588e-01,3.086047506973522703e-01,3.719077569776777503e-01,2.213084179132555618e-01,1.872058577524721434e-01,1.772892627919011588e-01,2.565998554639877804e-01,2.337238278186570262e-01,1.247351979123871579e-01,2.289933462697560373e-01,1.581057151766279145e-01,1.541413842824562452e-01,6.136891097758067487e-02,1.631980215877441576e-01,4.389920036164684375e-02,2.503890683387539062e-01,1.873606363133734631e-01,4.588970339156018402e-02,4.946378910998466827e-02,1.574126562953674646e-01,1.395013075436608851e-01,6.951038894357776388e-02,6.539853584518508234e-02,1.598199702497481167e-01,1.222068954131421692e-01,1.962419911817718798e-01,7.422714083171916277e-02,7.987858426546201596e-02,1.673774448145888272e-01,1.123314524682571536e-01,1.805460606940617052e-01,2.177204255881386441e-01,1.717393531009708818e-01,9.555611629696314502e-02,1.282470833864537141e-01,2.916774908323289117e-01,2.184891910221020694e-01,1.217821923687873731e-01,1.770569780580999730e-01,7.117334503881600494e-02,2.103232058357772383e-01,1.480428900373482737e-01,1.387728890217783395e-01,1.422027688238485799e-01,1.170446060688205281e-01,1.292789994748443916e-01,2.587688685122275234e-01,1.583771354675263254e-01,8.340628871481255147e-02,1.674223240185038208e-01
2.910730212012453411e-01,8.492016281151783252e-02,1.559719621756910923e-01,1.698707987463444480e-01,2.451237841878179946e-01,2.186276722349174972e-01,2.736608415198502064e-01,3.201155389952087260e-01,2.224729346558531051e-01,1.500000000000000000e+00,1.937993528765543094e-01,2.457369479621357433e-01,3.957580036848948879e-01,2.730939538321813242e-01,1.956002629297161066e-01,2.757716991265596329e-01,1.784304872086294735e-01,1.854727252470496079e-01,1.255427760220771682e-01,1.502005367685210202e-01,1.180491835443469306e-01,8.881491031897997823e-02,1.370501139000522839e-01,2.106804638523288031e-01,2.726800430703489875e-01,1.783592331292678801e-01,1.184378597387772958e-01,2.190700045011423902e-01,1.456539018827819332e-01,7.585175159356549734e-02,1.895052642996257197e-01,2.298250280977248150e-01,9.850678579898709819e-02,7.894718320886510987e-02,2.452155864487093329e-02,8.449645868455295250e-02,1.397056568664991338e-01,1.444570730724229479e-01,2.179856425962660160e-01,1.596812397038939735e-01,2.024118663716707456e-01,2.831384567565686447e-02,2.751424478751675062e-01,1.255009005544317213e-01,1.821203858409554677e-01,1.185685611578796705e-01,7.028994117895866200e-02,2.142623618817180997e-01,1.439173354255192105e-01,2.032874161410902769e-01,1.226203192477324233e-01,2.597380341067800913e-01,1.306553624846169548e-01,1.556373619303978995e-01,9.353539955904766057e-02,2.492204941392624218e-01,2.577319304839621461e-01,1.896289582776869431e-01,1.126670113900745673e-01,2.496585447576526451e-01,1.702612469082634417e-01,1.430890559838512710e-01,9.773096436717453039e-02,1.789134361943950369e-01,1.964761607923607156e-01,1.891570692558742772e-01,1.943482158570004337e-01,1.946501736214880651e-01
2.385250952734182528e-01,2.604667028342211865e-01,2.558382320897784612e-01,3.103127975380167158e-01,1.388435088088120217e-01,3.811047329674074891e-01,2.606091516804592279e-01,1.756459656655391666e-01,1.844634394018165591e-01,1.937993528765543094e-01,1.500000000000000000e+00,1.884844131939129863e-01,2.456946195994890447e-01,9.420310946490034754e-02,1.718124084552182310e-02,2.314861227903607932e-01,1.381665622609923871e-01,1.926996733574304344e-01,1.778914475183027144e-01,2.158249301214407168e-01,2.862055378036558739e-01,2.660335746207191931e-01,2.494243534827778053e-01,6.888706042481261560e-02,8.090000661503869706e-02,1.268163771424048181e-01,2.396962056150604703e-01,7.291940357976099685e-02,7.588394537867053369e-02,1.652757477067122727e-01,9.901413731235084170e-02,1.423866488668791008e-01,1.552339207422573641e-01,1.550370766069735784e-01,1.180319264857089268e-01,2.322991748012679658e-01,1.872445852384921061e-01,1.472114431684435898e-01,1.536253781388878248e-01,1.419530000128145231e-01,1.747699419214398253e-01,7.281527227323156271e-02,1.533897412037112384e-01,1.378321241589942070e-01,2.503682253179475570e-01,1.600814128445776641e-01,9.205114659127139332e-02,1.451928610583191337e-01,1.709901025391792340e-01,4.808119967954117835e-02,2.753005336059728414e-01,1.163253444544766341e-01,4.063476721206948916e-02,2.235241799685834529e-01,1.139289601171277200e-01,1.952090235734834367e-01,1.420273515193658243e-01,1.243220660414503242e-01,2.989345768913115320e-01,1.693036652311792900e-01,2.223078184534859614e-01,2.067657864840514448e-01,9.247891574782397817e-02,2.836929938945218499e-01,4.644971801937917977e-02,9.202833145607154652e-02,1.193666429100611048e-01,1.321387260771637595e-01
1.936227425321694340e-01,3.673938822553659000e-01,3.242613803362857650e-01,6.711568499315259673e-02,8.491580463413955782e-02,2.163248150539679171e-01,1.925767939860815736e-01,3.210354034120758704e-01,1.085727770500392181e-01,2.457369479621357433e-01,1.884844131939129863e-01,1.500000000000000000e+00,2.578606857314775791e-01,3.459600377990229569e-01,2.474596964898395091e-01,3.590174436089624832e-01,1.687274356845832046e-01,3.112686365654508958e-01,1.328965564197404914e-01,5.384151774964877901e-02,3.968184096869958877e-02,1.553147699153379357e-01,7.626753599053605337e-02,1.985638025134815743e-01,6.414625542875382336e-02,1.397305119833484321e-01,7.812683098639795765e-02,7.650412521866985227e-02,2.265561716793212110e-01,1.929944371003872172e-01,1.499515924133035250e-01,5.571063679900913057e-02,5.096243195189759795e-02,2.204645502850283156e-01,1.107916483293728410e-01,5.294501766744285493e-02,2.467415368867361680e-01,2.706840208609908593e-01,1.865877776856685322e-01,1.693728229344157454e-01,1.132443343093673671e-01,1.672071479254309545e-01,1.075831617306430565e-01,1.756690764070366895e-01,2.089535939449744806e-01,1.622318733010269798e-01,1.179666368138794358e-01,1.399891004703829878e-01,2.458292709952107358e-01,1.346408691562228643e-01,4.966854983945672569e-02,3.742333833479732225e-02,9.503961580584757707e-02,4.543822247724347424e-02,2.281816223750513517e-01,2.679061663228970991e-01,1.927189613998469275e-01,1.093431513097960772e-01,9.907335924509436120e-02,2.052532138140524265e-01,1.739972193059156069e-01,7.139187275285416301e-02,2.283407520739369478e-01,7.227055040089473692e-02,1.145517516693038418e-01,2.119304703501156961e-01,1.711364562006326973e-01,5.756955297875195054e-02
3.877807549964653044e-01,3.097764888920562232e-01,1.488605916049542677e-01,2.110318416727005042e-01,2.931125050459432724e-01,2.447508653952469304e-01,2.434540065586998925e-01,2.468366462137389639e-01,3.041865919985879962e-01,3.957580036848948879e-01,2.456946195994890447e-01,2.578606857314775791e-01,1.500000000000000000e+00,3.265291081042633881e-01,2.471328115219774135e-01,2.633166482947549292e-01,2.396995610787761299e-01,1.854657910772389839e-01,1.342626368177616270e-01,3.385704432852984502e-01,1.812121083533107802e-01,1.752455611134899893e-01,1.832308547761565820e-01,4.431455024816127394e-03,6.613348068664881736e-03,2.413790227882641193e-01,2.036112853199202877e-01,8.700267919994458810e-02,1.945753990630689767e-01,1.504127207106585318e-01,1.385838504989718722e-01,1.962698252728717618e-01,1.541031407181797097e-01,1.187045211413133988e-01,1.368517852022167747e-01,1.115468925095540742e-01,1.300031903967209801e-01,1.016884706135550570e-01,3.025783903160703808e-02,2.380462257898265932e-01,1.003932085496969245e-01,1.060748799544109638e-01,1.267797875498329063e-01,1.436186863815720194e-01,7.179414198216586829e-02,1.003808093152723652e-01,2.454407567892317732e-01,5.461305859713832395e-02,1.938365251020584268e-01,2.406599187210924917e-01,1.243966130559263084e-01,1.622874713256440837e-01,1.730257950906941566e-01,1.886764541657229566e-01,1.231930610572741086e-01,7.656023175887584353e-02,2.054632375392258792e-01,1.950358604727153999e-01,1.134448088525925602e-01,1.025474171200277257e-01,1.644784367777694656e-01,1.287947683600348392e-01,5.085553603859375299e-02,1.047507747907113762e-01,1.153340936340625372e-01,2.419067609248606865e-01,1.856200697020882195e-01,1.027438166082558363e-01
2.765593316260496759e-01,1.431582840964156222e-01,3.306533214246906160e-01,1.153568744203929408e-01,2.553755288439175097e-01,2.373981705346861759e-01,7.392422052438792079e-02,4.194502234631725668e-01,3.707499057056861530e-02,2.730939538321813242e-01,9.420310946490034754e-02,3.459600377990229569e-01,3.265291081042633881e-01,1.500000000000000000e+00,2.388357199359511795e-01,1.795019320474021962e-01,4.639580220305598857e-02,2.604248955532660892e-01,2.990908915476997443e-01,2.399512046702994561e-01,3.925769842032164614e-01,2.731241287059488765e-01,1.284893372488216945e-01,1.546087142956948102e-01,1.126663578477998945e-01,1.008375105559925211e-01,1.601982493588801626e-01,1.585915865099005728e-01,1.174353652994348240e-01,8.056719462494700557e-02,1.039249099785873875e-01,7.863320273806889693e-02,2.839200336731537710e-01,1.520612952391462436e-01,2.497145285795658309e-01,2.198373375744993863e-01,7.137995051164212901e-02,1.831140260285716304e-01,1.627262072707627016e-01,2.671814454241006054e-01,1.939983701466434229e-01,1.653447612610427497e-01,2.295603874946488543e-01,1.490317362840274107e-01,2.248229564687446169e-01,1.141357132695791227e-01,1.065527435285333058e-01,1.960583193811559488e-01,6.838947493194606764e-02,1.583844234402747575e-01,2.563698460795145184e-01,8.945075570774603524e-02,1.880443390707126350e-01,6.169508793057933149e-02,2.065619747698049791e-01,2.415680214882460763e-01,1.051536900546854170e-01,1.086002947519094097e-01,8.192616323348630991e-02,8.350689660963685201e-02,1.477367095370613337e-01,1.279449283104937274e-01,1.295073716888348048e-01,7.925080837353593033e-02,7.610419795438122526e-02,2.092676171548593644e-01,2.033547237903116089e-01,1.115259027592687413e-01
2.411295238361222948e-01,1.055492508318188194e-01,3.534265802908216347e-01,2.964549031094172449e-01,3.951712570538585823e-01,2.481272847746672505e-02,3.974005528981153224e-01,1.869539553428372081e-01,1.748851905826968034e-01,1.956002629297161066e-01,1.718124084552182310e-02,2.474596964898395091e-01,2.471328115219774135e-01,2.388357199359511795e-01,1.500000000000000000e+00,8.525611558014815905e-02,1.121616705679226583e-01,2.225333288322881575e-01,3.159589458152541330e-01,2.471213695192185367e-01,2.146349964059302562e-01,9.617009499244072446e-02,1.923206409380671111e-01,1.822062871918588567e-01,1.506676008562548019e-01,2.701169064073707382e-01,1.058600156988387907e-02,2.090157223897543548e-01,1.212492660601728334e-01,8.224396414540914579e-02,2.384594200024346689e-01,2.176324970041426110e-01,6.815316275192541406e-02,1.175718021867107055e-01,7.700631511048942890e-02,8.634620337677167967e-02,1.788880049964031715e-01,2.456068738590795331e-01,1.982425572004226089e-01,1.269837722707997107e-01,1.186239500019599657e-01,2.483823051322581743e-01,1.564887457275179750e-01,1.345979741287912923e-01,1.103263108549670801e-01,1.584218089280857444e-01,2.154379751043432600e-01,4.304601574868854863e-02,4.216653636656603199e-02,2.413506397922086932e-01,2.328223670298425474e-01,4.612033601904738656e-02,8.915042933289350768e-02,1.997111691196194472e-01,2.399794046680425175e-01,2.625036653974854861e-01,6.588264292438894554e-02,1.280724687558416619e-01,1.406737216295530224e-01,1.473716285180433627e-01,1.353818960713701613e-01,2.381426835544713794e-01,2.248818047501204842e-01,7.893755382983964897e-02,1.360080004812119492e-01,1.172725461925225449e-01,1.585359821271870862e-01,1.024748832105177171e-01
4.094095534203390230e-01,9.069911674915169530e-02,2.039040166842325252e-01,2.264070587347430108e-01,1.027705457770265729e-01,7.477832702437850476e-02,2.293596163678163491e-01,9.918951363061850879e-02,2.913686393404293917e-01,2.757716991265596329e-01,2.314861227903607932e-01,3.590174436089624832e-01,2.633166482947549292e-01,1.795019320474021962e-01,8.525611558014815905e-02,1.500000000000000000e+00,3.200229308006113937e-01,2.310544128505257477e-01,1.585235879412573157e-01,2.138159818725762218e-01,2.015786189990982635e-01,3.545863986117196998e-01,5.342244100021916603e-02,1.520387293380459637e-01,1.922457257811704401e-01,9.107568676940874797e-02,2.010941709083706730e-01,1.699823085367790365e-01,1.329134097683643823e-01,1.067560663972695334e-01,1.588467529262207467e-01,6.678959102060101627e-02,2.087236832584229429e-01,1.104870144007630978e-01,1.790502910195475028e-01,8.527799893846382817e-02,2.842362728390595006e-01,1.582114154175728871e-01,2.438236526725190423e-01,1.264700654465344687e-01,1.511789300786854362e-01,2.046162789390950643e-01,1.575322729870275995e-01,1.145217059303577783e-01,2.159988166195386250e-01,2.265730981733747873e-01,1.054324124005916880e-01,1.257311065581287468e-01,1.342103341812369566e-01,1.227960603281760543e-01,1.990581921975057844e-01,1.396538157270343639e-01,2.365319123514643684e-01,4.014004504718503979e-02,1.549336721001951245e-01,1.258884374037096132e-01,1.631253257107105059e-01,1.931211594495864659e-01,1.623542044495502323e-01,2.468716226333406150e-01,3.039540072457378936e-02,3.012919038396822888e-02,2.202233856032733139e-01,2.008217765188455850e-01,2.493724492037366347e-01,1.907726635595034803e-01,2.736405732450753470e-01,2.664566014852084996e-01
2.204522884784283765e-01,3.595930904106469095e-01,2.838241173344836499e-01,2.166407845758012707e-01,1.811535125841786664e-01,3.769456354801805631e-01,3.009725734797147889e-01,1.760833884246424397e-01,3.474636892452818149e-01,1.784304872086294735e-01,1.381665622609923871e-01,1.687274356845832046e-01,2.396995610787761299e-01,4.639580220305598857e-02,1.121616705679226583e-01,3.200229308006113937e-01,1.500000000000000000e+00,1.900426040834208852e-01,1.320239420048486267e-01,2.695627286824298641e-01,9.002555732189507220e-02,1.681258468798345618e-01,1.434159464705784814e-01,1.388332875307618508e-01,2.820355836411514439e-01,1.461462313914486943e-01,1.391606602947128846e-01,5.732327826289164430e-02,1.423527890723085276e-01,1.855102478340722449e-01,1.398525401822676151e-01,1.269326441695988739e-01,1.244087355788857652e-01,2.321074390820588307e-01,1.088482834199607785e-01,7.647471731274657625e-02,1.494123474011673780e-01,2.191276057445466496e-01,1.002101698529585527e-01,1.124078761058104198e-01,2.412757870018590323e-01,2.761792003725831446e-01,1.422493208708444923e-01,2.012626994972585570e-01,2.369051392910075937e-01,1.079469666845529613e-01,1.279681685736555052e-01,1.983649915923030860e-01,2.253515615352176191e-02,9.383891583309335316e-02,1.087051145255751028e-01,1.545668073598382986e-01,1.762132316184469860e-01,6.746629709249468698e-02,6.134961310635987652e-02,2.326378726589934387e-01,2.632638892392288321e-01,1.863268237445770414e-01,7.664766017028856737e-02,7.239939616637128261e-02,2.849377336427648053e-02,1.450733722767485190e-01,9.789264928494723073e-02,1.196789504549379268e-01,1.466725454232796766e-01,2.454631264907054522e-01,1.598495691483353964e-01,7.702820250334047048e-02
2.125995400800394508e-01,2.225149358210773420e-01,3.263015750335045984e-01,1.389895585381247800e-01,3.567467955440929428e-01,2.548602573491248746e-01,9.973287405931755001e-02,3.542081474017084175e-01,3.507856486192941214e-01,1.854727252470496079e-01,1.926996733574304344e-01,3.112686365654508958e-01,1.854657910772389839e-01,2.604248955532660892e-01,2.225333288322881575e-01,2.310544128505257477e-01,1.900426040834208852e-01,1.500000000000000000e+00,1.340996098267726866e-01,6.110279421298765723e-02,1.934156335358839518e-01,1.423841198044563383e-01,1.785183797025917951e-01,2.372696142982328726e-01,1.930566937174256203e-01,1.944927967641228439e-01,2.489937362304993074e-01,1.837839320650785924e-01,1.497102133481851283e-01,1.814985146492021362e-01,1.086488894655910920e-01,2.299731235252631123e-01,2.011114386090004091e-01,1.135228980723455156e-01,2.191209171604425188e-01,5.369791750111897743e-02,2.215220831668752166e-01,1.703423337071294508e-01,1.335204611751767412e-01,3.705414548387165469e-02,1.893319403784318733e-01,2.173231142853795927e-01,4.020064458482353748e-02,2.119324989772429224e-01,6.652935898766382250e-02,1.532823746711922674e-01,1.020900748818924647e-01,2.368701981649190824e-01,1.696502718931878761e-01,4.762909876679720378e-02,2.388330858205691687e-01,2.328208422997926075e-01,1.219612124662688701e-01,1.115219180165027690e-01,5.008612104813103816e-02,1.432512184738475580e-01,1.235941055302899327e-01,2.787069549205184460e-02,1.145219438123603051e-01,2.239089410822383552e-01,2.276714390568062574e-01,1.526393239637226229e-01,2.082578078132975019e-01,2.379279104729309369e-01,2.047673408250157978e-01,9.260572077963126481e-02,7.207830389319007380e-02,8.204855364081979630e-02
2.188579355927591785e-01,3.918452160310579857e-01,2.719714044502359873e-01,2.089093341250411184e-01,7.454106298743753967e-02,3.046578276269986119e-01,1.184716210827871929e-01,3.638812000507900546e-01,2.020774272596387588e-01,1.255427760220771682e-01,1.778914475183027144e-01,1.328965564197404914e-01,1.342626368177616270e-01,2.990908915476997443e-01,3.159589458152541330e-01,1.585235879412573157e-01,1.320239420048486267e-01,1.340996098267726866e-01,1.500000000000000000e+00,3.284459490072829668e-01,3.219587475531967558e-01,2.173781815570938747e-01,2.299317467304620166e-01,1.325569333864835275e-01,4.937077514989319377e-02,9.976416768107232436e-02,1.965116876901409904e-01,1.031597669349000601e-01,2.255472034860027397e-02,1.150886858387577677e-01,2.426181066461809144e-01,1.286885931209446055e-01,2.039720502553445391e-01,1.157882400952594537e-01,2.244489090797452957e-01,1.213184512864204090e-01,1.600072996634486489e-01,8.438279174457334608e-02,8.072920628465696247e-02,5.747229602299509799e-02,2.004638695044524965e-01,4.914366348117040623e-02,1.245375195023427917e-01,2.464079800110035856e-01,3.975687042753706796e-02,8.743336177856023128e-02,1.110799534118167009e-01,2.013081897949487997e-01,1.536372569691860923e-01,1.479238273865789155e-01,1.698143736176057073e-01,2.375269532044048115e-01,1.164618945557856777e-01,1.515067704431374840e-01,1.299685776921487845e-01,1.362520194150888542e-01,1.638294868289299488e-01,2.058629346663900725e-02,1.978728050495649482e-01,9.773682454500803862e-02,2.185220315832396842e-01,9.429381420526318502e-02,2.060938408521645338e-01,1.170780509820069648e-01,4.292899102744905659e-02,1.954274594799086384e-01,1.257221134810456720e-01,1.265680059362055687e-01
2.239379870262600547e-01,2.042876005241239801e-01,2.722896090454096640e-01,1.672391801087498020e-01,3.012964801414631522e-01,1.621192761294254492e-02,2.146225419366857012e-01,3.696691796029247246e-01,3.086047506973522703e-01,1.502005367685210202e-01,2.158249301214407168e-01,5.384151774964877901e-02,3.385704432852984502e-01,2.399512046702994561e-01,2.471213695192185367e-01,2.138159818725762218e-01,2.695627286824298641e-01,6.110279421298765723e-02,3.284459490072829668e-01,1.500000000000000000e+00,2.947854497803578111e-01,5.866405732406039519e-02,2.240010825127589089e-02,2.043204707974377865e-01,1.115474322492800846e-01,6.872951877811875332e-02,1.723462101415557668e-01,1.128770362043444581e-01,1.315983704331541715e-01,1.608385390546143989e-01,2.495527009273049990e-01,1.311067535043807519e-01,1.048275971808700080e-01,1.817549483963428192e-01,2.346751570214868909e-01,2.366549096864950519e-01,2.799223482204344915e-01,1.425291946437358681e-01,1.638264281683355916e-01,1.975474427157196122e-01,1.073537868799033096e-01,6.208887605408087290e-02,1.670408810652213027e-01,8.216496170039598590e-02,1.897814796987414010e-01,5.575486445484978404e-02,2.448671727839472068e-01,1.835483485394779901e-01,1.837354872457182542e-01,2.500197066448844874e-01,1.551383496690603159e-01,3.604426334845654833e-02,1.773442840908022455e-01,1.990657823834845463e-01,1.686998866562883226e-01,1.510600355405197770e-01,4.795632180542704071e-02,1.486148306377522155e-01,1.554423281235393639e-01,2.336675463031881450e-01,2.228632291393466414e-01,1.466211657875576280e-01,8.207978692083231498e-02,1.412320289948653662e-01,1.956881760512969026e-01,2.300060672876840795e-01,2.704334005788771034e-01,7.790663367893553570e-02
8.941269741541452154e-02,2.624089213527996955e-01,2.025310583218613569e-01,3.273476525719979380e-01,3.799775465039253453e-01,2.025514685143008364e-01,2.505802321242184272e-01,3.372802533520071755e-01,3.719077569776777503e-01,1.180491835443469306e-01,2.862055378036558739e-01,3.968184096869958877e-02,1.812121083533107802e-01,3.925769842032164614e-01,2.146349964059302562e-01,2.015786189990982635e-01,9.002555732189507220e-02,1.934156335358839518e-01,3.219587475531967558e-01,2.947854497803578111e-01,1.500000000000000000e+00,5.145354120995389302e-02,1.335536402727018068e-01,2.085331459623361861e-01,7.366161675900037564e-02,1.963803026163344900e-01,9.559614078934605685e-02,2.337278122253516610e-01,9.407371532400356229e-02,1.315174037806420282e-01,1.259510655077375751e-01,1.230588621919794512e-01,1.524010572257613882e-01,2.724809957301844721e-01,1.527630917067266669e-01,9.738142311072442436e-02,2.686519205686986878e-01,1.024958293388242431e-01,9.151504735820462089e-02,1.347239362096082915e-01,2.896023225478589619e-02,6.963043183321898644e-02,1.245629883101399549e-01,2.203564072111334760e-01,1.148679503611071684e-01,1.992590256931162651e-01,5.704362032776179314e-02,9.222824298118260933e-02,4.625872068778105056e-02,9.318495304253782141e-02,2.369914629392110561e-01,1.753421098346154006e-01,1.043943536049196374e-01,1.516529677683532973e-01,1.720869612757967571e-01,1.888057250535235543e-01,1.536417573579035856e-01,2.078884043300966156e-01,1.158652966111825555e-01,1.991400351142143255e-01,9.665819719290494327e-02,1.207909907237165736e-01,1.044965913901298171e-01,1.151485051899275441e-01,1.677646636641538791e-01,1.163199866003060134e-01,2.034356919939231956e-01,4.812371340031162265e-02
1.504950188605093941e-01,1.550226181690645411e-01,4.029252515556232955e-02,2.309578163844043242e-01,9.783624771652635332e-02,3.123219168718384675e-01,4.259585917575817726e-01,3.128311970683643750e-01,2.213084179132555618e-01,8.881491031897997823e-02,2.660335746207191931e-01,1.553147699153379357e-01,1.752455611134899893e-01,2.731241287059488765e-01,9.617009499244072446e-02,3.545863986117196998e-01,1.681258468798345618e-01,1.423841198044563383e-01,2.173781815570938747e-01,5.866405732406039519e-02,5.145354120995389302e-02,1.500000000000000000e+00,2.471077441742597913e-01,7.792836912155093332e-02,1.427420424608297489e-01,1.028622964350026925e-01,1.618185287710897646e-01,1.243686092369071933e-01,1.910592571600217005e-01,1.761866877915286012e-01,1.585566249269814709e-01,1.847090383375721290e-01,2.040131737938523093e-01,9.878188063630398419e-02,1.375236112568556379e-01,1.928567499114249850e-01,2.018448916553242378e-01,1.828507608828578435e-01,1.607372254098965170e-01,1.187402427908079428e-01,2.186889018075371949e-01,9.046209823010184503e-02,1.896616655531102036e-01,1.762165753375594113e-01,2.875886261125388255e-01,1.214278938413361764e-01,1.573322802342841664e-01,1.659145171968226529e-01,1.170655783493977781e-01,2.712105968856649563e-01,9.911581386804538263e-02,1.255158077629057733e-01,1.654444529408452269e-01,1.634246728573767737e-01,1.997346497955672096e-01,1.281338534070970425e-01,1.529982439027485763e-01,1.591947585299074153e-01,1.563338341174389523e-01,1.756679612641915411e-01,1.365139318582103412e-01,7.467489163435211963e-02,1.366590764193781060e-01,1.632744097323299282e-01,1.866874245306570923e-01,8.418256063090387431e-02,9.035906248991049106e-02,2.175151244460324373e-01
1.098886622649243583e-01,1.788205132904818195e-01,1.362823713819462934e-01,2.306215731815033920e-01,8.555618787391526536e-02,1.809772791749451604e-01,1.779459433508818744e-01,9.557524442744763649e-02,1.872058577524721434e-01,1.370501139000522839e-01,2.494243534827778053e-01,7.626753599053605337e-02,1.832308547761565820e-01,1.284893372488216945e-01,1.923206409380671111e-01,5.342244100021916603e-02,1.434159464705784814e-01,1.785183797025917951e-01,2.299317467304620166e-01,2.240010825127589089e-02,1.335536402727018068e-01,2.471077441742597913e-01,1.000000000000000000e+00,1.313435528320473222e-01,1.980272511548374914e-01,1.053890305593999932e-01,1.783747368267013522e-01,8.803469855185491744e-02,1.851989248171438396e-01,1.302823737005326388e-01,1.721300732661185384e-01,6.266236388466250862e-02,2.080272917209083083e-01,1.291595081532400380e-01,1.727472330478916906e-01,3.268473733523827307e-02,1.586043723451013021e-01,1.598767131921103868e-01,1.255297262728349295e-01,5.835755659560556974e-02,2.301580157310918473e-01,1.767636142979293612e-01,1.776130424873761104e-01,2.521167294749631083e-01,2.089808659159126530e-02,1.130874587506829620e-01,2.576657525749879163e-01,1.974036564922783676e-01,1.962357851617954341e-01,2.048011989665697585e-02,1.749820805473631113e-01,9.658361738161232168e-02,1.148528119198620745e-01,1.708625248535043939e-01,1.003378445874942571e-01,1.677113152759380221e-01,2.013116197259974538e-01,2.619944197616485421e-02,1.942746294149736985e-01,1.552880700830828464e-01,5.847404746282253152e-02,1.710224053432824465e-01,1.983955524410032367e-01,1.409588909889161745e-01,1.708066567265996705e-01,1.602692647113383995e-01,2.652030768327568455e-01,4.493382766579999410e-02
