6.999999999999999556e-01,8.293348783327519902e-02,9.048505028818655538e-02,1.466049950802122137e-01,5.579678356601469602e-02,1.519393603987656549e-01,9.549650437649563617e-02,7.681389676932741384e-02,9.541251267559294758e-02,4.134450093855555897e-02,4.153800486424388816e-02,1.226463815354962295e-01,6.124924844931644435e-02,6.860432776381805708e-02,7.788709150332581710e-02,9.913908454224215627e-02,1.022728671610791673e-01,1.069598918139044313e-01,8.095554472406779611e-02,2.087579779193856830e-02,7.150027538293753093e-02,1.014342311241244465e-01,2.066101288456672069e-01,1.845246917532818165e-02,3.387462783424374790e-02,1.419943434145262418e-01,1.254744410548901123e-01,1.074413906739495883e-01,9.260603300520431347e-02,9.027476120645090696e-02,1.590233884622167526e-01,1.530254940908218064e-01,1.983414727895143059e-01,9.414113476055337160e-02,9.926544975069606647e-02,1.233179320498245662e-01,9.133872183859492733e-02,2.716734301567300808e-02,6.660319518722443433e-02,1.126190284981524181e-01,8.474246676791713506e-02,1.374044731568816458e-01,6.551232140636756296e-02,9.203692564316379165e-02,1.325333810258200740e-01,1.218669857518481225e-01,1.276699745641003692e-01,3.331067480491246152e-02,1.588220498378358214e-01,1.380949401465727533e-01,4.567760325787478815e-02,1.518844708547754940e-01,1.643683310307491596e-01,1.294323776733070086e-01,8.689706122456977710e-02,4.582531950841685353e-02,1.544256870370803170e-01,1.613119797450304205e-01,5.819783539502042247e-02,1.427118700932548667e-01,7.939945249553065354e-02,1.328294865130565938e-01,1.124573067857909947e-01,9.097166915865022296e-02,1.406766507489750628e-01,1.405319606599762516e-01,1.278653564034410994e-01,5.391600116087689326e-02
8.293348783327519902e-02,6.999999999999999556e-01,1.528585904850802979e-01,8.893438388862212607e-02,5.601064095618121796e-02,1.149777780046697673e-01,4.487641575761582013e-02,4.497346562142669896e-02,1.422620407830406941e-01,4.692166254859751751e-02,8.900812754772705060e-02,1.415806949328221043e-01,5.097669695787884758e-02,1.071769173328231128e-01,6.354676186254541725e-02,7.437554930732724612e-02,6.938295200987143474e-02,1.368042884946609195e-01,5.872359847641803188e-02,1.058824228459653294e-01,1.343212225681938987e-01,1.197062032921556440e-01,1.101310117064345645e-01,1.015497753861437924e-01,1.487106641347124558e-01,9.371785915290141433e-02,4.384349512341752242e-02,6.278157410519305537e-02,1.126090717500384253e-01,1.715340648735634299e-01,8.645455943413735134e-02,8.793072473979601789e-02,7.616181371762006935e-02,1.451641771051589980e-01,1.503754340900640418e-01,1.254277461572786134e-01,4.981039517948628731e-02,3.035086416383122807e-02,1.485818451587657407e-01,1.219699976385189011e-01,1.238518973733221118e-01,1.359979523146313818e-01,1.077108410750797218e-01,1.995197120665681001e-01,4.026551622348918669e-02,1.083403426873514597e-01,1.214795310384308713e-01,1.139791693308955384e-01,1.364675089549961251e-01,1.214329372479902580e-01,1.027721424960269109e-01,1.789988756337995701e-01,2.502844349200021926e-02,1.168777365455645617e-01,1.046427731865435390e-02,1.661299225784339528e-01,9.244456960328659156e-02,6.349825887559439053e-02,1.582202623571547090e-02,1.032305169311714677e-01,1.130293787682716267e-01,1.367906549721791820e-01,1.676353044737602660e-01,6.480200024892959765e-02,1.166474587299180243e-01,3.836529694296601095e-02,1.124972015731889458e-01,1.251968786325144412e-01
9.048505028818655538e-02,1.528585904850802979e-01,6.999999999999999556e-01,1.038992416548717018e-01,2.601742027829401921e-02,8.164707838736878776e-02,4.407334113317100399e-02,7.533166403085299334e-02,6.881552308572930210e-02,9.029872997004088908e-02,1.532544009092005610e-01,9.875282342745929365e-02,6.885699637412150131e-02,4.284261670924921495e-02,5.704740648193398767e-02,1.218034395680651638e-01,1.083891254338799209e-01,1.527949583165123804e-02,1.313292503694073708e-02,3.844826673951237672e-02,1.190126176043316934e-02,7.583155550609201045e-02,7.126821419805898228e-02,1.847125465795670385e-01,1.275773987091058936e-01,2.035636258016298439e-01,1.222614604061556254e-01,9.347304002230263920e-02,2.293899658342008485e-01,1.876511656811248596e-01,1.417147011780089949e-01,1.497922459818758767e-01,1.058080061324190441e-01,1.894054117693379780e-01,1.681760285307853930e-01,1.460147448426371564e-01,1.062680705177994483e-01,7.045024357781340396e-02,1.153359372962771134e-01,1.661875840848510422e-01,9.125353067300166765e-02,1.826084799066402531e-01,7.546801454455234759e-02,9.973767048860454620e-02,4.519326859100816079e-02,2.377570119861550646e-01,1.500878287460828686e-02,6.460204223063841476e-03,1.433582434570932485e-01,8.714138061918855205e-02,5.873030048971123601e-02,5.186643710809469426e-02,2.311925005177608780e-02,2.246936471171495642e-01,1.494209381423997618e-01,9.960180668365259393e-02,1.904255943879491486e-01,1.102695243992044549e-01,6.853405211889887494e-02,1.250413113717701585e-01,1.434297049272542368e-01,1.346189390588148349e-01,1.422401860699432918e-01,1.139507594984797145e-01,6.848275706514539429e-02,1.279355705441813096e-01,1.033185962116326823e-01,7.317972901236852179e-02
1.466049950802122137e-01,8.893438388862212607e-02,1.038992416548717018e-01,6.999999999999999556e-01,1.028043584997895415e-01,1.026971107873862754e-01,1.133177111671603426e-01,3.749030904969719025e-02,6.667318640640078342e-02,8.862215569907860857e-02,8.194575206773541121e-02,3.650349671076814906e-02,8.176002195153413143e-02,9.589732580798253359e-02,8.009381282247525491e-02,1.277906039733300858e-01,9.217401511169530381e-02,1.883402514664803129e-02,1.080475029588374852e-01,7.128616863294830186e-02,5.115145194482173530e-02,8.816679958178207099e-02,3.769224052704184952e-02,1.185481319802811906e-01,4.870779771327329866e-02,1.637636785959855623e-01,8.194782604301703577e-02,2.260091497950019734e-01,7.226227931377485203e-02,1.456964158553684593e-02,1.632876393445420460e-01,1.717188006303508874e-01,1.168335144548584975e-01,1.457024910079854352e-01,1.010679195973812339e-01,3.673897029233037792e-02,1.372523476448515023e-01,5.758656614162793730e-02,1.673387199058235519e-01,1.384351119543807962e-01,6.826511435154324070e-02,1.437244148458093618e-01,9.639685885361266859e-02,1.150348771517346325e-01,1.070888977697822542e-01,1.477860776586516212e-01,1.624005203698605793e-01,2.243004042468586257e-01,4.538843511676004389e-02,1.759499123922553532e-01,2.359241636790695429e-01,1.217984252771207587e-01,9.603848084898661264e-02,5.686357460490735344e-02,5.886117509514549040e-02,1.171568619797096755e-01,4.333164905252872429e-02,1.371033608087413314e-01,8.479839148854034780e-02,8.682567452765017901e-02,1.956614822174058688e-01,1.547432695581480167e-01,1.619565191399722215e-01,1.366200302335505434e-01,1.977855670613221095e-01,7.411200109508789269e-02,1.275801309916114179e-01,6.979279600987772780e-02
5.579678356601469602e-02,5.601064095618121796e-02,2.601742027829401921e-02,1.028043584997895415e-01,6.999999999999999556e-01,1.127264331685629839e-01,1.239176445208356320e-01,9.454781348574695099e-02,8.217562365580771688e-02,1.150743785862018559e-01,1.217405100204163176e-01,8.476418595339808848e-02,1.111004401568808780e-01,8.805564758895112476e-02,7.635168847946843806e-02,3.141021579321463114e-02,1.418130106029906190e-01,6.864709333709398398e-02,1.086243392768100335e-01,8.312103892474090316e-02,5.535089461499757141e-02,1.283955513926740011e-01,4.043148351077452407e-02,1.519959785529420848e-01,3.618091540830550151e-02,1.189667283914012524e-01,1.141362208409168744e-01,9.445228613045407451e-02,1.143540501803419346e-01,2.604201172311357976e-02,3.609248243451457228e-02,3.128890715177565229e-02,1.448037836948670165e-01,9.271760953737505362e-02,5.395407460964282004e-02,7.877983670765723034e-02,7.325561732542922033e-02,1.111428823851906278e-01,1.427775917012789886e-01,1.243093943840478666e-01,9.030811867569105145e-02,4.171786824379240810e-02,2.078163763510925133e-01,1.258376976347354570e-01,1.266601931952510141e-01,4.714404177517241001e-02,1.427294377630955458e-01,1.688309767210015300e-01,1.071654177374953276e-01,1.281232216538839841e-01,5.549935134429224287e-02,9.641705792951534015e-02,3.383654080891571048e-02,1.413972221886643510e-01,1.741615988475946619e-01,2.264793582865502475e-01,1.439288095799465816e-01,7.375686473270809396e-02,9.356963747336069503e-02,1.261446778367417976e-01,1.501331548760543866e-01,1.966518349949704370e-01,1.386659473318602176e-01,1.123062146025825409e-01,1.912501436748673123e-01,5.675768669401540928e-02,1.476872543988574094e-01,1.300143598592167216e-01
1.519393603987656549e-01,1.149777780046697673e-01,8.164707838736878776e-02,1.026971107873862754e-01,1.127264331685629839e-01,6.999999999999999556e-01,5.188974982119698431e-02,7.625425244165393024e-02,7.450018746122812063e-02,4.520169146470728178e-02,9.154715159158127724e-02,7.377451734068161959e-02,6.356135519722949656e-02,5.665607615019822851e-02,9.148342099232972813e-02,8.728971718575000149e-02,2.889438985942617208e-02,1.004309060168803724e-01,1.078484206124836753e-01,4.026409509648756074e-02,5.047922569815044280e-02,1.383063925660401872e-01,1.020607074402956060e-01,2.198991593723283178e-01,6.384282970671899260e-02,6.704066355092122564e-02,1.120275563362467530e-01,1.878368292875213508e-01,2.027043864260761330e-01,1.595587146757275199e-01,1.572873185031095078e-01,1.129338928642733275e-01,1.234166111697843071e-01,1.385290695032094510e-01,2.013432229182487987e-01,1.937541280921735165e-01,8.986236102174788298e-02,1.537620567641898028e-01,1.387399344324768413e-01,1.282392323530101019e-01,1.095871116620979469e-01,5.285397476120591576e-02,1.858648019533950257e-01,6.909442267702843588e-02,7.804156636693423965e-02,7.183197794017054383e-02,8.060644214653679696e-02,1.412937804611932302e-01,1.579415821872535708e-01,1.280787588520633236e-01,1.099428260800419388e-01,5.589842277685502792e-02,1.712886523165768893e-01,1.394947114848294201e-01,3.167626240506911384e-02,1.045162370102804411e-01,1.275757916936199887e-01,1.586130200466029372e-01,6.184357149482293259e-02,9.163731467577307388e-02,9.649986786260236760e-02,7.856911935374821798e-02,1.483927130268211381e-01,9.008176236887821542e-02,2.041040485427360329e-01,7.429756609033419390e-02,1.409159979116580419e-01,1.817900485010731093e-01
9.549650437649563617e-02,4.487641575761582013e-02,4.407334113317100399e-02,1.133177111671603426e-01,1.239176445208356320e-01,5.188974982119698431e-02,6.999999999999999556e-01,6.322979418220700532e-02,3.589049896557842262e-02,8.838088219170131543e-02,8.484900009519208419e-02,9.610099373947543488e-02,6.159270284609105750e-02,1.210697544561037675e-01,1.229883822126796172e-01,5.341254478170632397e-02,1.106154517061296444e-01,1.549540993135804789e-02,7.078393499938763489e-02,7.859740332869848134e-02,9.560335808585122830e-02,1.058801977015874501e-01,6.892457410641061877e-02,6.468119319534995637e-02,1.179098300598568211e-01,1.357686788309404036e-01,1.585364586182178848e-01,1.544813222056166391e-01,7.914390700013090862e-02,1.617393610476953458e-01,1.571045676980422634e-01,5.246173953438488559e-03,1.502900335677975763e-01,6.626044001889680457e-02,4.138130591615345188e-02,1.265740146070590266e-01,1.276413209602035026e-01,1.209590172408014919e-01,5.158943129549437012e-02,1.564856005287518920e-02,1.224893109195465540e-01,9.677536384300486350e-02,6.320674700018866221e-02,1.735250912892816466e-01,1.832311589211194081e-01,1.390074643653770037e-01,1.042906179062519922e-01,4.927248914994805662e-02,2.259131109524685141e-02,2.099269790450208339e-01,1.830229544692288379e-01,9.038933038356453120e-02,1.344173347186255682e-02,1.177559562947616545e-01,1.038909051323292088e-01,2.081342087166443422e-01,4.200247490069972112e-02,1.539116049690893717e-01,1.636608705319179680e-01,1.738450257024966583e-01,1.801378809221033106e-01,2.096544251972310979e-01,1.337532424271086484e-01,9.326825180034653551e-02,1.287191899598325306e-01,1.880976708519117024e-01,8.796866941520546657e-02,7.626326831817840934e-02
7.681389676932741384e-02,4.497346562142669896e-02,7.533166403085299334e-02,3.749030904969719025e-02,9.454781348574695099e-02,7.625425244165393024e-02,6.322979418220700532e-02,6.999999999999999556e-01,8.755977391155547740e-02,1.009974204141015353e-01,7.707362720222922514e-02,5.093275202117850120e-02,8.631983043664967492e-02,8.124184760702722607e-02,1.182338971658636467e-01,4.486738782217532251e-02,9.727773164951268592e-02,1.047191166975127569e-01,9.789589654756450376e-02,1.230175603283442803e-01,6.802747617407714498e-02,2.842571666837334990e-02,1.578181316121241018e-01,1.133701598028951651e-01,2.029271214269665058e-01,1.389137733052535906e-01,5.371201774243135330e-02,1.768699168527638754e-01,1.122820669791322057e-01,1.069869691882933682e-01,1.646762439205312623e-01,1.432097425424520010e-01,1.331507262689624049e-01,2.034041402672409071e-01,1.336069416423391609e-01,7.769237519452383556e-02,2.068855779187129817e-01,1.408539447662801869e-01,1.187204446725052542e-01,7.051663859257634170e-02,1.785441451034679439e-01,7.848638480981605381e-02,1.142891274916568722e-01,7.631096762504775699e-02,1.492061739863828895e-01,1.725075009148877569e-01,1.000990664177838357e-01,2.002921810247264567e-01,8.450546358940211333e-02,2.207631565933645679e-01,8.669200753929517944e-02,1.314105508711452541e-01,1.086167017218006015e-01,1.144500916384963152e-01,1.511719425376363002e-01,2.555328429953363650e-02,1.449058422485414721e-01,2.300902873425451217e-02,1.564788920810993023e-01,1.167823650134562352e-01,1.074158949901314608e-01,1.435649178745641019e-01,9.401532098626855238e-02,1.749014791475025088e-01,1.352088467926704507e-01,2.294268752310442416e-02,7.428749725371965040e-02,4.608620970267699596e-02
9.541251267559294758e-02,1.422620407830406941e-01,6.881552308572930210e-02,6.667318640640078342e-02,8.217562365580771688e-02,7.450018746122812063e-02,3.589049896557842262e-02,8.755977391155547740e-02,6.999999999999999556e-01,3.196633037436853036e-02,2.696504834881709861e-02,3.734163960260834109e-02,6.045314239251346061e-02,1.061318470145958676e-01,8.386602694786129963e-02,1.385524418299916016e-01,5.376873804071541363e-02,5.433846240565610997e-02,1.333540853348579303e-01,1.303010423939173212e-01,1.047869953774435287e-01,1.087146971392250333e-01,5.155037702516947901e-02,9.621381965011807647e-02,1.794426494923625492e-01,5.067625657102217684e-02,1.852741794758154814e-01,1.253777327707550904e-01,1.846555962546962970e-01,1.201344847565953000e-01,9.931105978568983972e-02,8.976317878195455569e-02,1.805647179215548181e-01,1.073796826367532514e-01,2.184890194306716993e-01,2.129627251804205867e-01,1.456775764202499213e-01,1.436771746210833145e-01,1.135650540920242757e-01,8.366610494907486539e-02,1.474128982870537563e-01,1.939669836581242868e-01,8.069138034392234204e-02,1.669152863139745646e-01,1.223751734213647802e-01,9.660441652443620131e-02,1.409174773302630801e-01,7.549476157429205192e-02,1.339973436711645038e-01,1.338307923587357395e-01,1.658779043797523889e-01,1.301493286421694096e-01,6.602573804965228277e-02,1.651608906676580169e-01,7.959487708273364770e-02,5.379938613927257030e-02,8.519587576741644019e-02,5.022115807134990700e-02,8.698478470934699336e-02,1.035435835487029665e-01,1.643429301155376610e-01,1.654002108009125782e-01,8.214234097744094187e-02,2.231145279147465910e-02,2.198088643947217202e-01,1.262346767368039968e-01,1.643871280663655454e-01,1.099616146146225742e-01
4.134450093855555897e-02,4.692166254859751751e-02,9.029872997004088908e-02,8.862215569907860857e-02,1.150743785862018559e-01,4.520169146470728178e-02,8.838088219170131543e-02,1.009974204141015353e-01,3.196633037436853036e-02,6.999999999999999556e-01,2.802868010332858206e-02,7.827496551062312902e-02,5.701873203858617845e-02,6.887948029515254811e-02,8.220570605388026475e-02,1.106123576018841898e-01,8.514925909572952645e-02,8.817373455510224556e-02,1.190709364192717307e-01,1.335220642310734063e-01,1.480330896986253864e-01,1.524772668972772804e-01,9.178197838996411673e-02,2.259029556854759146e-01,1.399674968245795403e-01,8.595194066714105519e-02,1.009213785701342514e-01,1.224413565965248446e-01,7.131247451193185871e-02,1.080312098474231208e-01,1.823952289947373961e-01,1.839200776567766205e-01,1.379363474990255578e-01,1.114168443671147424e-01,8.375410139453559610e-02,1.362345600971699988e-01,9.299264540989465866e-02,1.244710043988958015e-01,1.581664762841480110e-01,7.924680566017633376e-02,2.268081208291252704e-01,1.267916008694891516e-01,1.810638801570036982e-01,1.205381322696583019e-01,1.174163401153369007e-01,1.495418557827340456e-01,1.016089382218961501e-01,1.338113093971646794e-01,1.245987625528836434e-01,1.558791908002402082e-01,1.111511923744619712e-01,9.394391969512055907e-02,1.230490822256850025e-01,1.213921924228014426e-01,2.962772536777108154e-02,6.667487742401859152e-02,1.842566772402673414e-01,6.633962743509295990e-02,1.375805042549924084e-01,1.935390985736831770e-01,1.488565284087935703e-01,2.130790194694459350e-01,1.540919866243886105e-01,7.167500129429232869e-02,1.717808957233570022e-01,1.175481645069587355e-01,9.065741003723215563e-02,1.480064509183071642e-01
4.153800486424388816e-02,8.900812754772705060e-02,1.532544009092005610e-01,8.194575206773541121e-02,1.217405100204163176e-01,9.154715159158127724e-02,8.484900009519208419e-02,7.707362720222922514e-02,2.696504834881709861e-02,2.802868010332858206e-02,6.999999999999999556e-01,6.307195849275043509e-02,1.553943853360097438e-01,8.364535238030394726e-02,8.125274785373451381e-02,1.129982277278409608e-01,8.057366998596293683e-02,1.149053053249587397e-01,1.088555455464719490e-01,4.386816128917118973e-02,8.437744647707368095e-02,3.636712450486799530e-02,9.495134078044584203e-02,6.709834321336813345e-02,5.488714741279958342e-02,7.852205964800151872e-02,1.097112060542234369e-01,9.378545713845551357e-02,1.987304668642971284e-01,8.933897029427803615e-02,1.535632832180316987e-01,2.147634991412314398e-01,1.242105979791127413e-01,1.649454644424764860e-01,1.168270736881568822e-01,7.043157286994106148e-02,6.732083160064557259e-02,9.274586546530859399e-02,1.056862673463895841e-01,1.724824491067301624e-01,1.612275142661108440e-01,1.663954988042915528e-01,1.652667904825996792e-01,1.265468615654541384e-01,1.160069403981608405e-01,2.080154856094880711e-01,7.255730167137830477e-02,1.046295520277613633e-01,1.500064044021147125e-01,1.827200481889529882e-01,1.224256686015541551e-01,1.056757225301255543e-01,4.067895866180645109e-02,1.208588913356190425e-01,7.646400442688153221e-02,3.400906108241780884e-02,4.797049431153210808e-02,1.417695017349143993e-01,1.452688348696807852e-01,1.442610652114631742e-01,1.107770852265271277e-01,1.217192512630638490e-01,9.478347923520880070e-02,6.943698615233862004e-02,1.605319670170879953e-01,1.742349008482617645e-01,1.248418543653480178e-01,1.441629513661462358e-01
1.226463815354962295e-01,1.415806949328221043e-01,9.875282342745929365e-02,3.650349671076814906e-02,8.476418595339808848e-02,7.377451734068161959e-02,9.610099373947543488e-02,5.093275202117850120e-02,3.734163960260834109e-02,7.827496551062312902e-02,6.307195849275043509e-02,6.999999999999999556e-01,5.345663288749871039e-02,8.887718107149851499e-02,6.879752310325437659e-02,1.050277036156025690e-01,8.119804816113666834e-02,8.618627058107795891e-02,9.230136196780935887e-02,1.544854275844599611e-01,1.310323179144895211e-01,1.046738621991711964e-02,1.811562732984777213e-01,7.438680418593660026e-02,8.437778311358047623e-02,1.087782544723704392e-01,1.925919487910939809e-01,4.977945440034277358e-02,2.794212425110059392e-02,1.322860109452689004e-01,9.896737464700605669e-02,1.248560778481418027e-01,1.228214381280398892e-01,1.606581442435747187e-01,6.571861957771063523e-02,1.811282352865981604e-01,1.415215265757399921e-01,2.139273923727508242e-01,1.776408077065435576e-01,5.117967244055373482e-02,4.905564447517262588e-02,1.197932658137093320e-01,2.263381372047680862e-01,1.072934509057420910e-01,1.242702303176993484e-01,9.115116560696899517e-02,1.157438698513152953e-01,1.840030225374946621e-02,1.038089090092896433e-01,1.661182967167529889e-01,1.164447898705323059e-01,1.288234243755158603e-01,1.386734822947564005e-01,2.169055104194996531e-01,1.359756637518514388e-01,5.888390755993177378e-02,5.573246130843415719e-02,1.639247063840070240e-01,1.338246510342834816e-01,9.819542594772846800e-02,1.349681355238719904e-01,1.609685684713258458e-01,2.112052615782530340e-01,1.159411504396001130e-01,1.924283032410621097e-01,9.940261186183510511e-02,9.428398028424318789e-02,6.660331764376284380e-02
6.124924844931644435e-02,5.097669695787884758e-02,6.885699637412150131e-02,8.176002195153413143e-02,1.111004401568808780e-01,6.356135519722949656e-02,6.159270284609105750e-02,8.631983043664967492e-02,6.045314239251346061e-02,5.701873203858617845e-02,1.553943853360097438e-01,5.345663288749871039e-02,6.999999999999999556e-01,5.583277335045309930e-02,1.083972753787329317e-02,2.720565286657462487e-02,1.443824515338134329e-01,9.766173996758911735e-02,7.612861372565535301e-02,1.476963150689303284e-01,1.417007597214357262e-01,4.709610729891900577e-02,7.436671432408270555e-02,2.103593529762824432e-01,1.310232473908357065e-01,1.116162503088496127e-01,1.105998220080901262e-01,1.632657466274991531e-01,2.663003352406820984e-02,1.978411644988428142e-01,1.040730024997357228e-01,1.002307924539730943e-01,2.092293339024048349e-01,1.270446456450020634e-01,1.494196912361724083e-01,2.157561506420162534e-01,1.420888190895957248e-01,8.178713957340061347e-02,1.084516308493393144e-01,1.225721005834221333e-01,2.199067473690103358e-01,1.493501393392970000e-01,1.944297370759529853e-01,1.022336904688777443e-01,7.144181385827758080e-02,8.275149839499802706e-02,1.196860043886413816e-01,1.400625376578253922e-01,1.581020802361951250e-01,6.713441411541243298e-02,1.121419532347546905e-01,1.591423684320446841e-01,1.517614217613778016e-01,1.936038598455429582e-01,1.945786967194940154e-01,1.284403657339173721e-01,1.314887277289381040e-01,7.448853495512552936e-02,1.420833800771094668e-01,1.096982059980562002e-01,5.669235619763861311e-02,2.001513276263421903e-01,2.168360969065540600e-01,2.871506674596448899e-02,1.756141300629744939e-01,1.104959700980691489e-01,1.285731173645475733e-01,2.061365553651154370e-01
6.860432776381805708e-02,1.071769173328231128e-01,4.284261670924921495e-02,9.589732580798253359e-02,8.805564758895112476e-02,5.665607615019822851e-02,1.210697544561037675e-01,8.124184760702722607e-02,1.061318470145958676e-01,6.887948029515254811e-02,8.364535238030394726e-02,8.887718107149851499e-02,5.583277335045309930e-02,6.999999999999999556e-01,3.948660758874811966e-02,2.115915929854577521e-02,7.610788944938697009e-02,9.377778354310463416e-02,3.579749278438521670e-02,6.873698056418645064e-02,1.380975048093898427e-01,1.454509766193580189e-01,1.239415652079676466e-01,1.038256025861309523e-01,1.703330396354560405e-01,1.634079938474933824e-01,1.438505983058215865e-01,1.159778644915773760e-01,1.713951677715243593e-01,2.036608749412328889e-01,1.046165844653648702e-01,1.694626829522497546e-01,4.076299814164573154e-02,1.177349774437091573e-01,1.377713190932501330e-01,5.477429077898919585e-02,1.568069246321521226e-02,8.124447425827041602e-02,2.186542224789135846e-01,1.536408947752388177e-01,1.043400179780048787e-01,1.564777289562891138e-01,1.263466779323326461e-01,4.985591252064611179e-02,9.150888966676121172e-02,2.049129508391356047e-01,1.230081743750781886e-01,6.034229952506640210e-02,1.152405127814909030e-01,1.112926707916254837e-01,1.566957034407311655e-01,6.743826527567081675e-02,6.846757907481230976e-02,6.382661635501434005e-02,1.537994440570912280e-01,1.253936587338447262e-01,2.188082607838325311e-01,8.178440989644458758e-02,6.849758141811518319e-02,1.675745501670074522e-01,8.675564721677228586e-02,1.144866766296445404e-01,9.797111162185581645e-02,1.850630649251057691e-01,6.038232682204202478e-02,1.254708024324676929e-01,1.447523150807131787e-01,6.772024754897136567e-02
7.788709150332581710e-02,6.354676186254541725e-02,5.704740648193398767e-02,8.009381282247525491e-02,7.635168847946843806e-02,9.148342099232972813e-02,1.229883822126796172e-01,1.182338971658636467e-01,8.386602694786129963e-02,8.220570605388026475e-02,8.125274785373451381e-02,6.879752310325437659e-02,1.083972753787329317e-02,3.948660758874811966e-02,6.999999999999999556e-01,1.163437861424625047e-01,6.605341235353417995e-02,1.015813617573954053e-01,7.090940960095330758e-02,4.866653776866850661e-02,8.602165736983327649e-02,1.133844550717786476e-01,1.169866990143582502e-01,9.722688627031710051e-02,1.585939805410820636e-01,1.538702451243704195e-01,1.262327323684636626e-01,1.273141570897251273e-01,6.332665396979964001e-02,7.628328444679222109e-02,1.960076800883169823e-01,1.242764291247314412e-01,1.629483556484934703e-01,2.025029989204635006e-01,1.328362804788351947e-01,8.014720745355605191e-02,1.320717646258849354e-01,7.933070966898236875e-02,6.552864041864306377e-02,9.997891876624487306e-02,1.204374742337984416e-01,8.270305979408792973e-02,1.069094151016311556e-01,7.948236251109211392e-02,8.164686640195251144e-02,1.598672302068363527e-01,1.684952481857893702e-01,1.420957500346828606e-01,6.578722844443551931e-02,1.265790700134871993e-01,6.564909033975643848e-02,7.074867814901120155e-02,7.089539028570941703e-02,3.346619753814843168e-02,1.459113186343216628e-01,7.270307932551008101e-02,6.025790553861240517e-02,1.260666449321791727e-01,4.806099350186036206e-02,1.491949837393728162e-01,5.771657516409883781e-02,7.676749039678126829e-02,8.014535919224179128e-02,1.872526412891203917e-01,1.424304313170601244e-01,1.084607792121581593e-01,1.860923802177923969e-01,1.286180134353882287e-01
9.913908454224215627e-02,7.437554930732724612e-02,1.218034395680651638e-01,1.277906039733300858e-01,3.141021579321463114e-02,8.728971718575000149e-02,5.341254478170632397e-02,4.486738782217532251e-02,1.385524418299916016e-01,1.106123576018841898e-01,1.129982277278409608e-01,1.050277036156025690e-01,2.720565286657462487e-02,2.115915929854577521e-02,1.163437861424625047e-01,6.999999999999999556e-01,6.287346629828108324e-02,5.290401811228034878e-02,9.067103948633171984e-02,1.187630617579124859e-01,6.534455614386340538e-02,7.768149266700048738e-02,1.420077642436747278e-01,1.481542572353923837e-01,1.521323679861131262e-01,2.109979173819740705e-01,1.451349668738621812e-01,7.681430382922095623e-02,4.079324993518261555e-02,1.295136981084767935e-01,9.548215560659220613e-02,1.046637992798095246e-01,1.737365379370491014e-01,1.424391944050009962e-01,1.183854174411898413e-01,1.642053205686710704e-01,2.056154260150149793e-01,1.585088043157067694e-01,7.380975851375691510e-02,5.168548559321441138e-02,1.306024317828075043e-01,5.220561629974001389e-02,1.380100585435484195e-01,2.959849633598680974e-02,2.050504735960459457e-02,6.832897569054995068e-02,9.720836066835301936e-02,9.551858064105395174e-02,5.280969868245579540e-02,1.885641091015599624e-02,9.408837257274167698e-02,5.313059382691548427e-02,1.734736352841268481e-01,1.458390154592710541e-01,1.690259460320684692e-01,1.525495817879002070e-01,2.049989200013564439e-01,1.847205618812786110e-02,1.140567894812860306e-01,6.958034916823908900e-02,1.392071451479308108e-01,8.297771677072146579e-02,8.017902719118187582e-02,7.474172457009281567e-02,1.317277474082427235e-01,1.415531309579725339e-01,1.227729011252565311e-01,1.661180486402458190e-01
1.022728671610791673e-01,6.938295200987143474e-02,1.083891254338799209e-01,9.217401511169530381e-02,1.418130106029906190e-01,2.889438985942617208e-02,1.106154517061296444e-01,9.727773164951268592e-02,5.376873804071541363e-02,8.514925909572952645e-02,8.057366998596293683e-02,8.119804816113666834e-02,1.443824515338134329e-01,7.610788944938697009e-02,6.605341235353417995e-02,6.287346629828108324e-02,6.999999999999999556e-01,1.041429373889096177e-01,9.072281961344180745e-02,1.066796065822182976e-01,1.604145636214862891e-01,7.051728603210868918e-02,1.305855931237086820e-01,1.716790015544940873e-01,1.228388823065956342e-01,1.201105904842237060e-01,4.902549356818146353e-02,4.430960221091487933e-02,1.245017957329166702e-01,1.629391200601797429e-01,2.026690222918919593e-01,1.503617468604119267e-01,4.475930887580988060e-02,1.374042300321652588e-01,1.467545824506208962e-01,1.834842472334361485e-01,6.224273567037910682e-02,2.127961437016805679e-01,7.524136251895584271e-02,1.649624073646871469e-01,7.779491258338036563e-02,6.934911060034452956e-02,1.444947816232464433e-01,1.176051966838453783e-01,1.049095258578968959e-01,1.285149908647393591e-01,1.720582624995972976e-01,1.076932122429980487e-01,1.722974665220887158e-01,1.074724244276799995e-01,6.789289141142308692e-02,1.831389562401005699e-01,1.609178413227601023e-01,8.885376334345569671e-02,8.337011889611951887e-02,9.656874116615569992e-02,9.051330817318456456e-02,1.053724545708885213e-01,1.935757086973752816e-01,6.175725197894301605e-02,5.961723181858134823e-02,2.221331838033904216e-01,1.562197130338848217e-01,9.218459938743661652e-02,1.012500561453391068e-01,6.257725979429579199e-02,1.751802721134123886e-01,1.150849361854947989e-01
1.069598918139044313e-01,1.368042884946609195e-01,1.527949583165123804e-02,1.883402514664803129e-02,6.864709333709398398e-02,1.004309060168803724e-01,1.549540993135804789e-02,1.047191166975127569e-01,5.433846240565610997e-02,8.817373455510224556e-02,1.149053053249587397e-01,8.618627058107795891e-02,9.766173996758911735e-02,9.377778354310463416e-02,1.015813617573954053e-01,5.290401811228034878e-02,1.041429373889096177e-01,6.999999999999999556e-01,1.980479027829874089e-02,4.956866352661572911e-02,1.044804233381211866e-01,6.325271763095634270e-02,9.258218394113844341e-02,1.176422339473866541e-01,8.691709183341823908e-02,1.220242164011983294e-01,4.084303843786009358e-02,2.011707617157008632e-01,7.492419436607290761e-02,8.192986622745085379e-02,9.110200161141873698e-02,1.801620812867505417e-01,1.161378851544271062e-01,1.632695992556614795e-01,8.782848279516758394e-02,1.009576947335279196e-01,2.474223113248010669e-02,1.621187254667920963e-01,7.991443821151705817e-02,1.556978354803195130e-01,1.974060768802762267e-01,1.500609358981045971e-01,1.598250565451831973e-01,1.898172302686644275e-01,1.231616931694119454e-01,2.179464351603278005e-01,6.054285905146047919e-02,6.768000821946587586e-02,5.009908178569280612e-02,1.792622347315445397e-01,8.606971178178565718e-02,1.917304065256425494e-01,7.214451298295118664e-02,9.663130647323889266e-02,1.413212415545539724e-01,9.746614269683583076e-02,8.509964217343947424e-02,1.132356905294840399e-01,5.920684900000180995e-02,1.329712844989396903e-01,7.542914677500828224e-02,7.532785761537257041e-02,1.859476458207725835e-01,1.067844846281554572e-01,5.999111328817837568e-02,1.975358886021548743e-01,5.197405904224283030e-02,1.195481405493468013e-01
8.095554472406779611e-02,5.872359847641803188e-02,1.313292503694073708e-02,1.080475029588374852e-01,1.086243392768100335e-01,1.078484206124836753e-01,7.078393499938763489e-02,9.789589654756450376e-02,1.333540853348579303e-01,1.190709364192717307e-01,1.088555455464719490e-01,9.230136196780935887e-02,7.612861372565535301e-02,3.579749278438521670e-02,7.090940960095330758e-02,9.067103948633171984e-02,9.072281961344180745e-02,1.980479027829874089e-02,6.999999999999999556e-01,9.883621497512505572e-02,9.123833422728699905e-02,1.114623674013353050e-01,1.378130228720992612e-01,1.589368234569257798e-01,2.261453408897987072e-01,1.130813690998356269e-01,1.452120957464415607e-01,1.251780713556857882e-01,9.671226921238046392e-02,1.692486891181591568e-01,8.246862103317921522e-02,1.540956816403428811e-02,1.498829067179668351e-01,1.252326863053392358e-01,1.474670145607754335e-01,6.040404076855723781e-02,9.330977716653762744e-02,1.314114974553381721e-01,1.192345421480997536e-01,1.219397837489875347e-01,1.796434564354415508e-01,9.218080965533385907e-02,1.962179880583752589e-01,1.299413651350247167e-01,9.799467814920891084e-02,1.347754429397947096e-01,1.209476289609855287e-01,1.274680827179775766e-01,1.264916588027470978e-01,1.621867095205841713e-01,6.106527032731230015e-02,1.009030269575891259e-01,1.499311428110516042e-01,1.918749437343856834e-01,1.427498666940490712e-01,1.218133228424795461e-01,1.370818304576665869e-01,2.029301252059430571e-01,1.711276506523712604e-01,2.841733107369415895e-02,1.140828810332265852e-01,1.330128019258155214e-01,8.173737811096112860e-02,5.236753832821598731e-02,1.181802744185598830e-01,1.071321256778371700e-01,1.189145502266711896e-01,7.348486658830187535e-02
2.087579779193856830e-02,1.058824228459653294e-01,3.844826673951237672e-02,7.128616863294830186e-02,8.312103892474090316e-02,4.026409509648756074e-02,7.859740332869848134e-02,1.230175603283442803e-01,1.303010423939173212e-01,1.335220642310734063e-01,4.386816128917118973e-02,1.544854275844599611e-01,1.476963150689303284e-01,6.873698056418645064e-02,4.866653776866850661e-02,1.187630617579124859e-01,1.066796065822182976e-01,4.956866352661572911e-02,9.883621497512505572e-02,6.999999999999999556e-01,4.774358133122127285e-02,6.747817141613682290e-02,4.785192377312665751e-02,1.571340700778968702e-01,1.572647153272988541e-01,1.550177943492393740e-01,7.284374499054431171e-03,5.244441064395353319e-02,1.936413467086640638e-01,8.542446786886802312e-02,6.772635258711758033e-02,6.550304883010527046e-02,6.171400108615180541e-02,1.745165876096149149e-01,9.937301910846715880e-02,1.433748486866524563e-01,1.876999844864394307e-01,1.342997512614899358e-01,1.021817016573068893e-01,2.187375622446081913e-02,1.554720049353597311e-01,1.101130879144579799e-01,7.765098463016642527e-02,2.252692552287871575e-01,2.441452057354519256e-02,1.285029336007047496e-01,1.441160121137471939e-01,6.239232254607213202e-02,2.059987987143721555e-02,1.841055053844802836e-01,1.589749451085878673e-01,1.544721964581693974e-01,8.594989375026579337e-02,1.253081759835037723e-01,6.395430801477682003e-02,2.106552519181479899e-01,3.826077585998701597e-02,1.047986580362519210e-01,3.323532519215224162e-02,9.360882135881969102e-02,6.514582753542132176e-02,9.713351214668813904e-02,3.718717984917612601e-02,1.510897158202523238e-01,1.530721882038329484e-01,2.325816928695161878e-01,1.389427651175313971e-01,5.869032529929588127e-02
7.150027538293753093e-02,1.343212225681938987e-01,1.190126176043316934e-02,5.115145194482173530e-02,5.535089461499757141e-02,5.047922569815044280e-02,9.560335808585122830e-02,6.802747617407714498e-02,1.047869953774435287e-01,1.480330896986253864e-01,8.437744647707368095e-02,1.310323179144895211e-01,1.417007597214357262e-01,1.380975048093898427e-01,8.602165736983327649e-02,6.534455614386340538e-02,1.604145636214862891e-01,1.044804233381211866e-01,9.123833422728699905e-02,4.774358133122127285e-02,6.999999999999999556e-01,8.239060962906018248e-02,1.674830766908952662e-01,1.107895673433266504e-01,1.308906263854136831e-01,1.354359605597316996e-01,1.900943545426692916e-01,5.263047669070099188e-02,1.089824229494053831e-01,8.840710646253840954e-02,5.364676178939636886e-02,1.165626048068191950e-01,2.185521235787721284e-02,2.170515042881562828e-01,1.264115547236016601e-01,8.990087168568357268e-02,1.487097467481221236e-01,1.243953752903319415e-01,1.241411469303911608e-01,1.618284065941681393e-01,4.723298892040916908e-02,1.163793831134671691e-01,1.352015926184427785e-01,1.359928673030377788e-01,1.822680883921298234e-01,1.063174296788484269e-01,2.037797353217254415e-01,1.219981852870195838e-01,1.124189224066563242e-01,1.520809380278955181e-01,1.372589713812678580e-01,1.386585572750940465e-01,8.578904243808578578e-02,7.636045348026407331e-02,6.555632901494955200e-02,9.730182022895841887e-02,1.374239698740422622e-01,8.016131501104963031e-02,1.783175142851725348e-01,2.665485128337892820e-02,7.275671318547272115e-02,2.168969571185893619e-01,1.452108893040303661e-01,1.208306932448818954e-01,1.083113457888088133e-01,9.408824029559897939e-02,1.141538370711068784e-01,1.023446348739132095e-01
1.014342311241244465e-01,1.197062032921556440e-01,7.583155550609201045e-02,8.816679958178207099e-02,1.283955513926740011e-01,1.383063925660401872e-01,1.058801977015874501e-01,2.842571666837334990e-02,1.087146971392250333e-01,1.524772668972772804e-01,3.636712450486799530e-02,1.046738621991711964e-02,4.709610729891900577e-02,1.454509766193580189e-01,1.133844550717786476e-01,7.768149266700048738e-02,7.051728603210868918e-02,6.325271763095634270e-02,1.114623674013353050e-01,6.747817141613682290e-02,8.239060962906018248e-02,6.999999999999999556e-01,1.729320995828697027e-01,4.965298524012966286e-02,1.736807990004164415e-01,6.118762281844354611e-02,1.663264493701497454e-02,8.325564523326001165e-03,1.825348885284080458e-01,1.766943348305617945e-01,1.351294606552638500e-01,1.479824068680793969e-01,1.602417015561740099e-01,1.570145224080214952e-01,2.197510568727848446e-01,9.600118659802833743e-02,1.921698000347429047e-01,7.383444966811797405e-02,5.168624753099990490e-03,1.161457518768169717e-01,1.200562057460878018e-01,9.776882302858516671e-02,2.047934474244070824e-01,3.796014680660877993e-02,1.069415507682295735e-01,1.926191631406396210e-01,1.146857988355907132e-01,1.043448089204649237e-01,7.458155074432570864e-02,8.798893932465162715e-02,2.055145654117904175e-02,1.361782370233213246e-01,2.286848357705041912e-01,1.809906275402032860e-01,2.981416453690977075e-02,5.361334470831949361e-02,1.916692042651940431e-01,1.307562420829739558e-01,8.252653974669585391e-02,1.705359294023099104e-01,7.315717766796997479e-02,1.101588739223893498e-01,9.336971723415334046e-02,1.105532181241185297e-01,1.362551780688327496e-01,9.469224166745512927e-02,3.245358584664534418e-02,9.030083536263483479e-02
2.066101288456672069e-01,1.101310117064345645e-01,7.126821419805898228e-02,3.769224052704184952e-02,4.043148351077452407e-02,1.020607074402956060e-01,6.892457410641061877e-02,1.578181316121241018e-01,5.155037702516947901e-02,9.178197838996411673e-02,9.495134078044584203e-02,1.811562732984777213e-01,7.436671432408270555e-02,1.239415652079676466e-01,1.169866990143582502e-01,1.420077642436747278e-01,1.305855931237086820e-01,9.258218394113844341e-02,1.378130228720992612e-01,4.785192377312665751e-02,1.674830766908952662e-01,1.729320995828697027e-01,1.000000000000000000e+00,2.211920606752069696e-01,1.837941954148605839e-01,1.039051441021216354e-01,1.832706414079399437e-01,3.982554067143253412e-02,2.184751721948108572e-01,1.354186141484466643e-01,1.365305424726564465e-01,1.143892688440281968e-01,1.360873836618836097e-01,7.289628613029437709e-02,2.198181915648541040e-01,6.085650802165133016e-02,4.903033002780519956e-02,3.900193826627179616e-02,1.904479202135624938e-01,1.314002218358661656e-01,8.716878442576629638e-02,1.586024429695244709e-01,1.516781858460717891e-01,1.911644439529928130e-01,1.966855991384255931e-01,9.192078853311738684e-02,1.440242492730959278e-01,1.941058527148357693e-01,2.004117247157906068e-01,3.488584232075599839e-02,1.518777578448748111e-01,1.186775510609660855e-01,2.073720843701845062e-01,9.398239651349714341e-02,2.018525118058512868e-01,1.545690545678008176e-01,1.649494830839677295e-01,2.011304711439052539e-01,1.755641503570383177e-01,7.366850478505293509e-02,1.838814458182708445e-01,1.526066041749896685e-01,4.215328325939188270e-02,2.038590259540044580e-01,1.704195203056352026e-01,4.644028807637371609e-02,1.750706487587145310e-01,1.665419079632798338e-01
