1.500000000000000000e+00,6.811731948006524706e-02,2.883735231872304183e-01,3.767157969983567778e-01,2.173744260470585332e-01,8.433568117417539201e-02,1.170074213410130376e-01,2.808494593631261638e-01,1.021188164583811675e-01,1.675553338369458189e-01,2.848711953902243743e-01,1.510784028309444249e-01,2.829203668835190699e-01,1.945984577851136710e-01,1.240297580993712928e-01,2.780168383653139896e-01,3.253486289451817948e-01,3.278555854896881838e-01,3.031968452026428396e-01,2.575865933901498317e-01,1.462267391118840798e-01,2.980561179126307580e-01,6.477028653021434101e-02,2.221749037622123280e-01,1.896907798860681671e-01,3.294701396271857569e-02,2.382276961680573069e-01,2.224144915729748817e-01,2.837237442013215150e-01,2.145898153536807962e-01,1.968962754196769693e-01,1.500123805575361846e-01,1.595091093581645636e-01,2.391837138515355843e-01,1.538122282171170419e-01,1.485367578853980519e-01,1.743651178580342131e-01,2.742259594857967553e-01,1.026909781221009704e-01,2.203070594969076534e-01,2.188099296593104814e-01,1.355626413640743100e-01,9.820461188535037356e-02,1.752423640911969505e-01,1.881713143054927206e-01,7.776656961920765110e-02,1.479155264555687133e-01,1.674323320619585664e-01,1.898978332815527137e-01,1.967368163330002195e-01,1.911152848148844341e-01,1.376046663853442986e-01,2.305011412910452639e-01,1.610586737847313488e-01,1.061327634905532558e-01,2.127492604875796667e-01,2.205137386139652544e-01,1.872384197661379479e-01,1.428939678513010125e-01,8.880488687641219236e-02,9.377904762367046676e-02,2.758822849824575929e-01,1.710286022659713856e-01,8.188135824631768978e-02,2.310211503554039925e-01,1.415636124047674194e-01,1.719744404779895985e-01,1.891381725803763514e-01
6.811731948006524706e-02,1.500000000000000000e+00,1.922478565020724062e-01,1.923231555371486268e-01,1.060201046586397022e-01,2.410152976857312668e-01,2.877223476068831998e-01,1.559757149417757005e-01,1.674671467503323075e-01,1.433192295898000623e-01,1.753844828623532526e-01,1.728043899585160470e-01,9.343368372515470366e-02,3.103399197218754679e-01,2.714152053694884881e-01,4.081400321496621020e-01,3.839869847067981512e-01,1.903858856197235272e-01,2.351298174050571732e-01,2.305240045003084937e-01,9.832748726532575256e-02,3.293762402268247680e-01,2.792571275922787755e-01,1.634649423901180509e-01,8.050536036559893804e-02,1.365710723256200465e-01,1.602042793726738135e-01,2.511774510786448089e-01,1.282635989440724655e-01,2.596550164026814045e-01,1.294999257759517630e-01,1.577735721322202911e-01,1.637579267361267965e-01,1.103284850591679245e-01,2.513807955040279207e-01,8.278089439336058786e-02,9.442259703729993792e-02,1.979515334866379650e-01,2.137634533287144367e-01,1.911086706467099994e-01,1.807175111860836458e-01,1.450868823679671293e-01,3.772048948655171152e-02,1.326226150928843384e-01,6.734659053280583896e-02,6.332430828204244078e-02,1.826571805584126240e-01,9.327198299335298648e-02,1.191333885341245846e-01,9.709123459429039316e-02,2.043930089722528765e-01,1.024017873139192597e-01,1.983373387050433312e-01,2.260298042532462026e-01,2.378363832252871068e-01,1.688959127272399996e-01,1.507803979711136444e-01,1.849262286875843764e-01,9.671462063059017844e-02,1.637429468452619996e-01,1.365702395596147811e-01,1.501595662558549427e-01,1.126293656943806176e-01,1.129255217117308696e-01,2.109038142821422768e-01,5.172411501378763876e-02,1.038830588449574099e-01,1.565876661598616659e-01
2.883735231872304183e-01,1.922478565020724062e-01,1.500000000000000000e+00,3.454613412724356070e-01,1.191254480556464823e-01,1.792071980616442572e-01,3.532846028738076960e-01,2.091828790100440094e-01,2.460539684757927503e-01,1.620604772329582999e-01,2.772877485196961755e-01,1.807686678121566692e-01,1.696347651862148698e-01,2.908228506866909480e-01,6.984602115637143782e-02,2.209572615923028616e-01,2.269263140346145513e-01,2.383591305385886761e-01,8.599103189793673441e-02,3.242857414868137722e-01,1.429859731967328407e-01,1.625172128312729614e-01,6.168450151847875568e-02,1.757200909738932670e-01,1.225536390648701568e-01,1.887904360519116476e-01,2.821073344712640152e-01,2.954055614997083690e-02,5.124854783917012768e-02,9.239053032808772215e-02,1.337600409874424301e-01,6.820982735848615808e-02,7.808751273574858487e-02,1.508951298042169042e-01,2.444509699007108572e-01,9.284351770338784837e-02,1.172924358221344998e-01,2.205223179581842219e-01,1.876117439250400698e-01,9.351154887761056744e-02,1.017485153372745532e-01,1.035142023967047104e-01,1.178127720748918805e-01,1.290465198850483941e-01,1.927977073330937596e-01,4.656369424800352319e-02,1.773165859806598577e-01,2.700084544012499310e-01,1.744683883804289126e-01,1.863762020635793826e-01,2.663365547897721952e-01,9.890845020638919238e-02,1.214677741796016258e-01,1.984765310910131253e-01,1.071053030789764909e-01,1.006897993885567388e-01,2.495904194212519855e-01,1.530221566191192206e-01,8.320475570018930067e-02,2.734176550789421123e-01,1.318166364420631509e-01,1.130982133399483086e-01,2.600667453112131544e-01,1.013582679234975858e-01,2.293747454545854714e-01,1.621031456528047865e-01,1.169481230874038907e-01,1.445378118798232581e-01
3.767157969983567778e-01,1.923231555371486268e-01,3.454613412724356070e-01,1.500000000000000000e+00,3.920977706678447916e-01,2.632766073964362685e-01,2.606559221859058861e-01,3.468319685956260390e-01,3.173120761885639962e-01,1.860453370666463324e-01,1.654385802939900563e-01,1.156165784493588672e-01,1.710810709464359869e-01,2.162799157779056458e-01,9.773912439856885515e-02,2.319304384988427059e-01,1.565706241803513921e-01,1.821540993406162712e-01,2.114798944284341509e-01,1.441680571909509101e-01,7.601030181015602794e-02,2.397882143477464978e-01,1.390858694341456370e-01,2.086297539494427200e-01,7.913516060848910239e-02,1.432168930525574424e-01,2.328806553926993650e-01,1.275276510619903214e-01,1.997844853020027123e-01,1.447103691779831613e-01,1.535094789185943720e-01,2.199568152437044177e-01,1.929653327583226163e-01,1.567279710034376605e-01,4.175437042377413976e-02,6.793923152361311391e-02,8.987156094778682436e-02,1.347860858919585902e-01,1.936102110698813272e-01,1.654144586684140050e-01,5.912146240219585264e-02,1.504518238324747681e-01,2.090061131716041964e-01,1.489773602988075929e-01,1.186861875797410454e-01,1.285132899564332409e-01,8.801887507057649940e-02,8.051164727813506228e-02,1.449698202774714617e-01,1.502806814313753792e-01,1.859618364890794351e-01,1.589395239642458491e-01,1.371901666112079199e-01,1.468387091245197673e-01,2.517035902177103823e-01,1.116449200468490471e-01,1.927419184651873452e-01,2.742166055272219349e-01,1.110887059014317169e-01,1.053451875755245515e-01,5.725595889838368258e-02,1.878551870977835381e-01,1.568857771497115805e-01,1.683088962808003408e-01,2.413497683047440001e-01,1.482858066441408995e-01,9.289923743068620454e-02,1.600234561493414920e-01
2.173744260470585332e-01,1.060201046586397022e-01,1.191254480556464823e-01,3.920977706678447916e-01,1.500000000000000000e+00,2.710514224045421638e-01,2.653654234694724501e-01,1.258390324810117200e-01,3.097682562568696563e-01,3.095021514445676081e-01,2.009561302367299240e-01,3.536146505842737708e-01,2.259043639488315658e-01,1.376071468932587583e-01,2.867954267463417306e-01,3.278279768815574591e-01,1.796871116999758933e-01,9.767837561528569523e-02,1.845757683616784661e-02,1.869242396128955319e-01,2.510966669609035473e-01,2.698485894260421736e-01,1.042265108380982519e-01,1.308719843972143693e-01,1.156849758062623162e-01,1.074267180985092329e-01,1.847646640058121237e-01,2.164804719123706866e-01,1.288769631256854731e-01,1.577357554341588530e-01,1.424591890632488922e-01,9.647876475109803951e-02,1.203261923876066120e-01,2.403241003149454991e-01,2.411066592887005644e-01,1.188844570287271168e-01,7.219429760292112030e-02,1.671985664797165927e-01,1.292181533484762779e-01,1.677330394086536391e-01,1.135387064728434758e-01,8.535690961593701831e-02,1.868309193961388004e-01,2.777118958170814444e-01,2.584257693609489648e-01,1.077150884913183060e-01,1.101886952056594371e-01,1.062921480309276662e-01,1.082301385728823701e-01,7.334458545765890070e-02,1.234111696283703430e-01,6.658259532183180909e-03,1.973899197892879931e-01,1.576250447149574185e-01,1.868554699015993470e-01,1.331159429474686462e-01,2.085534039604482470e-01,1.113240588076056942e-01,9.515779860627848752e-02,9.297387130800768840e-02,2.292628966221623987e-01,2.501015300160181615e-02,7.610920169335114172e-02,2.726429093485156080e-02,1.573258584090841405e-01,1.911959953446185634e-01,1.135512063944846967e-01,1.500111847780875585e-01
8.433568117417539201e-02,2.410152976857312668e-01,1.792071980616442572e-01,2.632766073964362685e-01,2.710514224045421638e-01,1.500000000000000000e+00,2.016840587675236274e-01,2.956633317112422610e-01,2.680785007238641326e-01,1.937289639325625035e-01,2.366794055711455291e-01,2.981245850046612689e-01,1.959706853138659666e-01,2.824888425054329355e-01,3.781362077038236680e-01,3.429484216767092475e-02,3.681661389592342792e-01,2.362850426583932573e-01,2.319866776637437566e-01,2.061012292729216544e-01,3.020557070993488136e-01,6.113404096031821444e-02,1.401317569657181683e-01,1.253714400302363141e-01,4.624685705870441171e-02,1.751790469163185260e-01,2.085248185580516056e-01,1.251383211543494189e-01,1.432690511638680664e-01,1.591292441012303605e-01,2.119425071615370082e-01,1.677703683744689866e-01,2.024980861548087430e-01,1.467959936313513458e-01,1.761651289511349805e-01,2.559251551302115790e-01,7.784015987221808153e-02,1.836755605957078874e-01,1.172170138103573178e-01,4.316225002134173316e-02,1.063296303724905745e-01,2.383936721183544938e-01,1.241826655535264168e-01,1.411634051280597768e-01,2.525883102650786638e-01,1.904665059690347495e-01,1.120208255109238216e-01,2.011594039409330403e-01,1.876025492751844659e-01,1.093305261834335573e-01,1.495130901108323029e-01,9.229373583502968603e-02,1.010272871908098752e-01,2.257363839734783939e-01,2.228679476574134122e-01,9.778313908367367024e-02,1.087593261464239874e-01,1.752308185176848776e-01,1.518889648485340915e-01,8.414607780952547411e-02,2.635247635910979436e-01,1.417637157765315181e-01,1.285806659921450990e-01,1.442080366698337557e-01,9.476304359968869273e-02,1.657019700046388211e-01,1.450468646875716361e-01,7.805405178771829267e-02
1.170074213410130376e-01,2.877223476068831998e-01,3.532846028738076960e-01,2.606559221859058861e-01,2.653654234694724501e-01,2.016840587675236274e-01,1.500000000000000000e+00,9.133739993093156762e-02,2.664046181506063427e-01,2.612914657365508209e-01,2.591932160824794718e-01,8.111737444111485895e-02,1.794505539999006749e-01,3.047484350510536455e-01,3.298126335333081416e-01,3.912844722060471181e-02,1.482304903743214552e-01,1.010385185097196492e-01,2.328589874263048976e-01,2.337223683012367159e-01,2.029329365197075630e-01,2.609883225375618232e-01,4.778646562741981074e-02,2.900400020141163937e-01,1.800289829292998911e-01,1.596741548406346856e-01,1.898258633592146971e-01,1.706173501487179833e-01,1.779339613788417374e-01,5.702165978386344869e-02,6.781939534878927978e-02,8.078107601548384364e-02,1.277574569759196699e-01,1.986841614458644822e-01,1.250975719679549014e-01,1.924909826826372017e-01,1.231014745108904018e-01,3.945196825510145083e-02,1.204728863734099847e-01,2.031255267848934565e-01,1.695269252130204851e-01,1.555694433085228756e-01,1.489443713114614876e-01,1.315900783962143383e-01,1.776722877815457013e-01,1.363601177672325304e-01,1.383167578429816413e-01,1.729109696986939615e-01,8.933215323234125482e-02,1.112001836832485629e-01,1.473952136243009414e-01,8.201810418233004829e-02,1.405105699599962787e-01,1.899824059201793702e-01,2.412158023663274475e-01,1.682838671200422853e-01,1.471274576289770541e-01,1.945479804834689963e-01,3.842112580769468239e-02,1.473493547665419567e-01,1.730733830195514689e-01,2.085996707754810275e-01,4.479413711798195530e-02,3.557803803069478632e-02,9.895870082855177940e-02,1.969834321053052506e-01,2.171576761452838344e-01,1.258333846786998944e-01
2.808494593631261638e-01,1.559757149417757005e-01,2.091828790100440094e-01,3.468319685956260390e-01,1.258390324810117200e-01,2.956633317112422610e-01,9.133739993093156762e-02,1.500000000000000000e+00,3.960651706624557233e-01,3.167011222768498779e-01,1.245223428126236431e-01,6.882474130065568962e-02,3.544185229225674805e-01,1.358937652512233474e-01,3.269645990811929082e-01,3.274104495976791762e-01,3.590062283224756401e-01,2.313147391474574821e-01,1.354010807007007822e-01,3.814059715400612283e-01,1.239309516756314233e-01,1.460528760882680022e-01,2.040132576522494245e-01,1.173568215723723440e-01,9.223452988423470889e-02,1.360063721696724015e-01,2.149177700989983175e-01,9.442264628059102161e-02,1.776099644633508945e-01,1.798924492384177676e-01,1.125006151394840753e-01,9.579219685662218597e-02,4.823684371208745297e-02,1.711585863716859612e-01,6.547709785981591091e-02,1.450038363044808820e-01,1.320729059950633832e-01,1.603020042117902222e-01,7.943486931521866190e-02,2.337992239683718831e-01,1.539463638738708395e-01,1.594339213042421932e-01,9.572158086710397251e-02,8.987696565006769722e-02,2.166448597069539073e-01,1.668488154915990784e-01,1.380815253755082739e-01,2.021229008201935184e-01,1.336862734684798326e-01,8.931712450819301319e-02,1.173681846201902329e-01,1.526975889468990821e-01,1.442511564399726887e-01,2.497424342737444014e-01,7.890260665589743372e-02,1.043593891844878940e-01,1.246657919756646860e-01,1.864963340804215441e-01,9.127254034417160711e-02,1.294773819908894563e-01,1.344360149040980390e-01,1.508624592970171929e-01,1.765817601082694810e-01,1.957648106402671839e-01,1.202670867998572590e-01,1.106758098380623140e-01,1.276075541853260997e-01,2.702231290209129444e-01
1.021188164583811675e-01,1.674671467503323075e-01,2.460539684757927503e-01,3.173120761885639962e-01,3.097682562568696563e-01,2.680785007238641326e-01,2.664046181506063427e-01,3.960651706624557233e-01,1.500000000000000000e+00,2.291845199904483654e-01,2.525554041042087361e-01,2.391290362640519640e-01,1.940000269956310142e-01,1.981493660556044589e-01,1.014730783547649062e-01,1.903615969164611510e-01,1.924823362602783305e-01,3.064981969503335901e-01,1.604765325584868729e-01,2.543330904050791208e-01,8.824349221362048912e-02,1.812613620602254172e-01,1.126413049405533828e-01,9.331274237291098395e-02,9.585142414229361196e-02,1.507130129046564682e-01,1.009978364902779785e-01,1.694339418182516377e-01,6.888140175529008924e-02,2.493095333400531244e-01,2.041177690834541925e-01,2.080148850234465052e-01,1.186338660259269734e-01,1.471261422058612323e-01,3.691460165792645465e-02,1.809438653234715089e-01,7.737036607914689335e-02,3.067994840626030173e-02,1.106069444521111389e-01,1.050969336021829147e-02,2.133545161233703080e-01,3.700119284776201556e-02,1.890496255679589843e-01,1.453980984039675572e-01,1.899493066516234063e-01,1.335683629873314071e-01,1.332460386192176882e-01,1.617253388147208149e-01,1.584988053098047300e-01,1.786764365625024553e-01,1.718663520051605942e-01,2.321346650306439496e-01,1.461798091671648869e-01,1.572706815213811005e-01,1.454860067639952848e-01,1.639568420245790248e-01,2.045098979681488904e-01,1.731383248253545171e-01,2.101592970589082343e-01,1.183970731274038984e-01,1.904636278908253266e-01,1.487464569612515219e-01,1.411107071712591754e-01,2.557337744311922179e-01,7.625476646206681697e-02,1.191926177749014909e-01,2.025402016177308973e-01,1.713118367161743372e-01
1.675553338369458189e-01,1.433192295898000623e-01,1.620604772329582999e-01,1.860453370666463324e-01,3.095021514445676081e-01,1.937289639325625035e-01,2.612914657365508209e-01,3.167011222768498779e-01,2.291845199904483654e-01,1.500000000000000000e+00,2.468524515982667422e-01,2.231719378769727036e-01,1.654469526606289487e-01,1.962714892817333245e-01,3.353806859011458918e-01,2.071614707538468880e-01,1.579191184751186916e-01,2.590997377008740776e-01,1.327494498373756049e-01,2.910319894911351235e-01,1.837807536674621878e-01,1.136506130565774486e-01,8.073532659561843960e-02,1.473172550214486010e-01,8.280253078827204405e-02,1.225438318287072753e-01,2.846157694375528457e-01,1.244028298780481406e-01,1.392390912134151282e-01,2.502934591527193886e-01,1.826302130024286541e-01,3.171335532527274487e-02,5.851927035457743509e-02,1.827897821749888407e-01,2.740170413397770982e-02,6.587590133830910355e-02,1.292605991767065143e-01,1.652351565444795112e-01,1.169493758862069077e-01,1.448988793508686757e-01,1.168287948801784160e-01,1.020702388901337382e-01,1.491840834924194059e-01,4.592804183283488717e-02,1.240844062615243243e-01,2.432259548255475412e-01,2.035401195424033083e-01,1.650735113750288474e-01,1.631238261086167540e-01,8.830314760841076471e-02,7.495212989566578388e-02,5.764831870167348021e-02,5.082852498904555372e-02,2.277611051880461535e-01,1.618624181840881693e-01,9.625904733581092110e-02,1.523229622764308566e-01,1.398365900600542222e-01,1.314894945087734801e-01,1.481299864778789221e-01,1.702010013069306382e-01,1.787937990441846037e-01,1.324581638534347572e-01,1.323381564719808556e-01,1.505367378202372153e-01,9.489728304517272561e-02,1.770367817368678764e-01,1.170910193936510191e-01
2.848711953902243743e-01,1.753844828623532526e-01,2.772877485196961755e-01,1.654385802939900563e-01,2.009561302367299240e-01,2.366794055711455291e-01,2.591932160824794718e-01,1.245223428126236431e-01,2.525554041042087361e-01,2.468524515982667422e-01,1.500000000000000000e+00,2.655221848204519786e-01,1.544927776766502614e-01,2.309589075646268364e-01,1.852342435508989305e-01,1.719009054960725924e-01,2.466822422709048501e-01,2.123356080843057381e-01,3.429946971652221288e-01,1.828456080913156145e-01,2.992482107587307039e-01,1.522909445460042810e-01,5.474722569797430688e-02,9.636383133714059024e-02,5.910388816527023526e-02,2.060950856425208810e-01,1.806889834323539556e-01,1.528701702788680949e-01,2.117807439655875479e-01,1.119477400464755773e-01,2.354005677049351708e-01,5.891766462008368732e-02,1.127756627318156901e-01,1.345396935913186764e-01,1.099647171880588636e-01,2.229887648144850132e-01,2.508295935433288437e-01,2.217508246030454599e-01,2.107541725023510115e-01,1.850149519645570839e-01,1.265275394822054922e-01,4.224882450864818340e-02,6.320306260727513725e-02,8.435797653979110189e-02,2.203416202835030147e-01,2.474879837135205568e-02,2.232185044391201134e-01,1.408663236168159749e-01,6.504687759790266088e-02,1.524745814762182294e-01,2.216311949178458307e-01,2.263506687442776166e-01,2.015528685055789637e-01,8.755195289016021176e-02,1.948744527671436300e-01,7.694142472418680212e-02,1.277727860442656183e-01,1.842037871533941940e-01,2.154213948666403589e-01,1.885211533141359364e-01,1.912978134289355092e-01,1.552665772181416048e-01,9.318566045857233637e-02,2.370447395235058541e-01,2.433620419231005139e-01,1.739938786408907756e-01,1.034819944973741357e-01,2.641742802868771167e-01
1.510784028309444249e-01,1.728043899585160470e-01,1.807686678121566692e-01,1.156165784493588672e-01,3.536146505842737708e-01,2.981245850046612689e-01,8.111737444111485895e-02,6.882474130065568962e-02,2.391290362640519640e-01,2.231719378769727036e-01,2.655221848204519786e-01,1.500000000000000000e+00,2.864388266943475037e-01,3.606759667763261845e-01,3.993225772474117696e-01,2.847979347323096322e-01,2.107878391934484286e-01,1.218578336667926892e-01,1.842702370568716774e-01,1.438984571368181475e-01,2.405794146417638002e-01,2.345397015849114419e-01,6.914430875810245736e-02,4.412809511643559640e-02,1.921973396417485380e-01,2.063562892771413082e-01,6.063027742387854663e-02,1.672386424843484709e-01,1.408522066745792334e-01,4.767467909826477585e-02,2.009069749652126480e-01,1.564268795448222893e-01,1.189125955902275988e-01,5.706069045194187700e-02,1.212447074923413415e-01,1.933076482702923149e-01,2.329336134013160753e-01,1.473555095831927952e-01,2.087296611908281141e-01,1.529245619287501190e-01,1.360362208365114012e-01,1.761156127431773855e-01,1.994022864813281004e-01,9.444658821498894130e-02,2.065070523196159413e-01,6.294590903176025543e-02,1.777184330540590440e-01,4.772937523003642490e-02,1.497292437093165896e-01,6.927555408614914645e-02,1.657619251601220034e-01,6.169881848704757143e-02,1.482789254092037878e-01,1.327626681291473876e-01,6.004998267711163934e-02,1.354758088745023348e-01,1.361807210021284686e-01,1.658582508980827597e-01,1.815867643305160428e-01,1.829915219889806655e-01,1.671562170690531479e-01,2.127212050091331075e-01,1.386007439134418207e-01,1.947994144322616195e-01,1.348078672997961025e-01,2.405670189431167172e-01,3.402793281434306205e-02,1.653077542941176759e-01
2.829203668835190699e-01,9.343368372515470366e-02,1.696347651862148698e-01,1.710810709464359869e-01,2.259043639488315658e-01,1.959706853138659666e-01,1.794505539999006749e-01,3.544185229225674805e-01,1.940000269956310142e-01,1.654469526606289487e-01,1.544927776766502614e-01,2.864388266943475037e-01,1.500000000000000000e+00,1.939853937368562209e-01,4.909093925134368208e-02,1.904864513116193425e-01,1.920006297299027831e-01,2.717715661094414759e-01,1.011607223049121734e-01,2.373160821639846985e-01,2.820909379359163860e-01,1.545504229622597370e-01,9.631848408213945778e-02,1.565139419256488251e-01,1.142366576175961879e-01,1.864234773854670513e-01,1.655977178362493807e-01,1.065769745221104431e-01,1.234377750407622265e-01,4.244602797132519811e-02,1.971656103948679351e-01,1.506366262733661587e-01,1.839030123911074566e-01,1.593725587812568345e-01,2.221308378301320996e-01,5.293910973237161283e-02,8.418543925299989961e-02,2.141331476741302198e-01,2.425496991242138134e-01,1.619038158505631264e-01,1.427869332125526747e-01,1.935755642347885830e-01,8.785642586958876399e-02,1.452346068677731195e-01,6.599057368902863652e-02,1.602011613677141733e-01,1.760114908563771841e-01,1.662937417497041825e-01,2.639769033851814828e-01,1.576857139795259932e-01,2.116835866595028204e-01,1.387445295437803872e-01,1.670005208157165910e-01,5.983282038756375376e-02,1.556308846740374618e-01,1.568542377577947511e-01,1.344248087224158283e-01,1.274441195541848870e-01,1.289616005736260451e-01,2.886616240797963417e-01,1.272743866120639444e-01,1.528779905572260067e-01,2.061150754747162472e-01,1.405710959737160870e-01,5.673380653587478673e-02,1.279843003108157018e-01,1.743109332474768181e-01,1.330189830709417875e-01
1.945984577851136710e-01,3.103399197218754679e-01,2.908228506866909480e-01,2.162799157779056458e-01,1.376071468932587583e-01,2.824888425054329355e-01,3.047484350510536455e-01,1.358937652512233474e-01,1.981493660556044589e-01,1.962714892817333245e-01,2.309589075646268364e-01,3.606759667763261845e-01,1.939853937368562209e-01,1.500000000000000000e+00,6.623128380080053890e-02,3.110308472514361489e-01,2.673402744770136952e-01,1.742598914002455035e-01,2.239285829239520687e-01,2.431124846699887765e-01,4.129750451151217305e-01,2.457625572330500441e-01,1.470268356514811414e-01,1.352313082007324252e-01,2.097243307513455279e-01,1.087482589529353560e-01,2.433002468714347000e-01,8.116955544104043074e-02,1.733871277733819716e-01,1.357352650928834448e-01,1.640206252018579780e-01,1.637111616795594859e-01,2.424259195236553310e-01,8.012218763824574541e-02,1.495554295904931719e-01,2.155433696617079786e-01,2.339975643351022705e-01,2.252606694439582835e-01,2.547350074388944896e-01,7.785618392424639711e-02,8.255577637604336050e-02,5.081303477523217704e-02,1.261461142102522082e-01,1.592486254613955099e-01,2.300153399619925820e-01,1.927552550745352811e-01,2.620879977133596661e-01,1.593496963084862217e-01,1.128100806172644688e-01,2.692866169588003511e-01,1.982117499186425436e-01,8.727974742150081122e-02,1.392547871607583421e-01,1.534027510341679779e-01,1.177986095594908689e-01,8.073419358180308758e-02,1.741278752167477184e-01,2.117967873488417196e-01,1.457988212367151704e-01,1.149721933383932443e-01,1.889081549113979241e-01,2.412925443214133381e-01,1.553922916892880868e-01,1.894026660070792512e-01,1.869028653423950859e-01,1.039123282451922675e-01,1.431203097573172933e-01,1.687404024949738235e-01
1.240297580993712928e-01,2.714152053694884881e-01,6.984602115637143782e-02,9.773912439856885515e-02,2.867954267463417306e-01,3.781362077038236680e-01,3.298126335333081416e-01,3.269645990811929082e-01,1.014730783547649062e-01,3.353806859011458918e-01,1.852342435508989305e-01,3.993225772474117696e-01,4.909093925134368208e-02,6.623128380080053890e-02,1.500000000000000000e+00,3.258136844735277649e-01,2.582000540704468272e-01,2.399139972075524097e-01,1.381276066880780251e-01,2.335547990884415670e-01,1.871835571237503437e-01,1.971486366644614741e-01,1.492517324410728707e-01,1.761444534944746620e-01,1.308371422331194023e-01,1.714961182121751970e-01,1.030599722944765539e-01,3.206561149129051602e-02,1.854497084584838529e-01,3.063876007246167654e-02,2.477729838067059820e-01,2.051750523073066768e-01,1.636491288315973514e-01,1.215393601616760744e-01,1.731750608557455218e-01,1.459145932179635730e-01,1.213484852942877112e-01,1.602126082603062274e-01,1.320233965599821313e-01,1.815721845591654615e-01,2.242290982636196417e-01,1.297670123364131345e-01,3.588132873742396617e-02,5.859674527807073874e-02,1.318050946159805836e-01,1.271172024966119862e-01,1.129283890232710419e-01,2.270561529980657522e-01,1.318068573773352736e-01,2.268321687544697929e-01,1.657939242651771394e-01,1.726295345551097649e-01,2.686211284989395431e-01,1.848540614317923936e-01,1.454344923707982795e-01,1.246767280242425807e-01,5.807473776543358585e-02,1.923618562141824473e-01,1.149136517966110743e-01,2.075729073936864177e-01,1.893130613193482747e-01,1.405296769533930235e-01,1.525047984926153344e-01,2.357660733416667154e-01,1.023416311711886906e-01,1.964819869226282767e-01,2.020140723146711670e-01,6.008807706272067950e-02
2.780168383653139896e-01,4.081400321496621020e-01,2.209572615923028616e-01,2.319304384988427059e-01,3.278279768815574591e-01,3.429484216767092475e-02,3.912844722060471181e-02,3.274104495976791762e-01,1.903615969164611510e-01,2.071614707538468880e-01,1.719009054960725924e-01,2.847979347323096322e-01,1.904864513116193425e-01,3.110308472514361489e-01,3.258136844735277649e-01,1.500000000000000000e+00,1.234882506779880346e-01,1.406804629547271368e-01,1.530338188862806481e-01,1.686482337415622923e-01,2.574662518927537391e-01,8.601716704097833732e-02,8.400591292511186414e-02,1.672365281263025749e-01,1.257675576426403319e-01,1.364119301502404458e-01,1.035968299727880598e-01,1.516817887530014786e-01,1.164739424083768293e-01,1.760634636201587888e-01,1.204908479891645956e-01,1.205238686727539421e-01,1.503655080312443215e-01,2.203193237133072580e-01,7.722353399555367814e-02,2.425135959024037335e-01,1.140109284246678956e-01,1.667037785294429031e-01,2.006102936065941311e-01,1.427787851964203991e-01,2.307228969926155004e-01,2.363879868552357100e-01,1.627669485279202577e-01,2.245935887582991564e-01,1.369927841515017619e-01,1.023585471077742282e-01,1.409491021159078317e-01,1.428364296111572784e-01,9.250201081128529845e-02,1.643204783516745704e-01,1.880999646966273198e-01,1.312140727239591298e-01,9.492543081253573822e-02,2.512410519253270302e-01,1.179672706267534121e-01,2.029018899428643719e-01,1.508679643943662552e-01,1.564155497499788161e-01,8.639347129283114768e-02,5.537763953512924581e-02,6.931147375313329029e-02,2.131608404651534061e-01,1.532747974907972266e-01,1.741669263181213900e-01,1.669964836418085241e-01,1.413397168509528679e-01,1.702090193485045477e-01,9.318349671202394435e-02
3.253486289451817948e-01,3.839869847067981512e-01,2.269263140346145513e-01,1.565706241803513921e-01,1.796871116999758933e-01,3.681661389592342792e-01,1.482304903743214552e-01,3.590062283224756401e-01,1.924823362602783305e-01,1.579191184751186916e-01,2.466822422709048501e-01,2.107878391934484286e-01,1.920006297299027831e-01,2.673402744770136952e-01,2.582000540704468272e-01,1.234882506779880346e-01,1.500000000000000000e+00,2.847413796156630372e-01,1.432536719906567502e-01,3.916096355684997032e-01,2.127792867711853220e-01,2.054669897745046159e-01,1.100346238867905557e-01,1.596336854044209108e-01,1.678657027034637372e-01,1.630430800881681741e-01,1.075197717827405253e-01,2.144087555233928910e-01,2.254869853909918231e-01,1.798340217492470083e-01,1.192032596798066058e-01,2.336831665073468567e-01,7.418255170283165334e-02,1.815576636527896914e-01,2.351803383560328031e-01,1.167191602098511943e-01,1.735369787918989437e-01,7.277349161062782179e-02,7.703287926554525100e-02,1.224802668876459888e-01,1.421847895392499839e-01,1.976627317299304021e-01,2.303421051355341864e-01,1.464416440619852877e-01,8.812774961149578978e-02,1.746822174623313961e-01,1.562906769874808366e-01,2.077925667744493499e-01,5.774334473433846010e-02,9.216455625060633594e-02,1.464310622852620369e-01,2.710603570476295410e-01,2.131641111163115054e-01,3.962322864414630219e-02,1.479648589203739761e-01,1.517023663335424766e-01,1.178615703434842954e-01,2.186628807093309868e-01,1.849218202977762904e-01,1.727632463056697765e-01,2.242090755030750615e-01,1.485622089109232546e-01,1.175232336928864474e-01,1.684418175973483311e-01,1.109889881091817299e-01,1.818814339904302468e-01,1.657692731140959219e-01,6.188243622619883644e-02
3.278555854896881838e-01,1.903858856197235272e-01,2.383591305385886761e-01,1.821540993406162712e-01,9.767837561528569523e-02,2.362850426583932573e-01,1.010385185097196492e-01,2.313147391474574821e-01,3.064981969503335901e-01,2.590997377008740776e-01,2.123356080843057381e-01,1.218578336667926892e-01,2.717715661094414759e-01,1.742598914002455035e-01,2.399139972075524097e-01,1.406804629547271368e-01,2.847413796156630372e-01,1.500000000000000000e+00,2.103216262017198190e-01,2.971183345687986588e-01,2.891759669441721359e-01,2.476389694301540101e-01,1.239409778347635438e-01,1.312215323055073990e-01,1.844791702982712112e-01,2.115049823126619044e-01,1.969047546735054888e-01,1.377833173939366218e-01,7.670496522967787389e-02,4.684040494247349029e-02,1.648910406151805341e-01,1.240716681305155944e-01,1.448700723297216553e-01,2.149218461161832572e-01,1.328849985364009556e-01,1.134425582738284866e-01,1.530326218830447282e-01,1.991617218183330817e-01,1.553160384181904302e-02,2.247863974323821568e-01,1.694174967120339048e-01,1.465919104116718830e-01,1.731554611206463645e-01,1.032063405413604362e-01,1.354597400592030265e-01,1.352654832573292054e-01,1.376711302968237072e-01,1.991819828374385426e-01,1.234708612897119917e-01,2.365858101316632434e-01,1.813601868468724676e-01,1.082472655302368636e-01,2.273913968732626523e-01,1.565939862988688924e-01,1.452109545628687826e-01,8.435644499862578194e-02,8.087570022530600478e-02,1.152486508114611424e-01,2.245233815385198894e-01,1.503711833151962218e-01,1.020129542262112748e-01,1.831587059445504984e-01,1.574981388922970238e-01,1.185692492169284629e-01,5.780887525336807914e-02,1.125857276190239814e-01,5.942797424863717481e-02,5.483170068323366120e-02
3.031968452026428396e-01,2.351298174050571732e-01,8.599103189793673441e-02,2.114798944284341509e-01,1.845757683616784661e-02,2.319866776637437566e-01,2.328589874263048976e-01,1.354010807007007822e-01,1.604765325584868729e-01,1.327494498373756049e-01,3.429946971652221288e-01,1.842702370568716774e-01,1.011607223049121734e-01,2.239285829239520687e-01,1.381276066880780251e-01,1.530338188862806481e-01,1.432536719906567502e-01,2.103216262017198190e-01,1.500000000000000000e+00,4.254332308534505280e-01,2.838155942550412147e-01,2.841128589114055858e-01,7.937676590912173813e-02,1.310078401174044616e-01,2.070036116124730485e-01,2.445648961406286515e-01,2.480270439367227575e-01,1.566333689103431848e-01,1.452617832605885839e-01,2.047116750833192222e-01,1.417873795066511566e-01,1.653708159139626321e-01,2.313638045253528785e-01,1.233382311753143112e-01,1.711361012990824659e-01,2.446959943799093540e-01,1.433437002814459127e-01,2.062153472868762383e-01,1.362595510000189636e-01,7.193332894020355861e-02,8.448248453351386855e-02,2.655597554442836183e-01,1.448194920917398598e-01,2.341178895946793292e-01,1.234392232321524230e-01,1.423649511332255313e-01,1.980710136696469115e-01,2.332163460265009869e-01,7.585421963672935031e-02,6.316689362491550996e-02,2.258338011265801915e-01,1.821882870491375872e-01,2.270071316579768683e-01,2.176242029764207664e-01,1.113592218350666213e-01,2.096724293482555568e-01,1.300748179937853133e-01,2.196901084986323249e-01,1.633276611243079657e-01,2.433267933212476253e-01,9.602536368729565341e-02,1.897274230869378242e-01,1.553293935066981657e-01,4.855486969627465649e-02,1.527498740980150482e-01,4.335340057975485550e-02,1.055389357431651687e-01,1.263522609097970095e-01
2.575865933901498317e-01,2.305240045003084937e-01,3.242857414868137722e-01,1.441680571909509101e-01,1.869242396128955319e-01,2.061012292729216544e-01,2.337223683012367159e-01,3.814059715400612283e-01,2.543330904050791208e-01,2.910319894911351235e-01,1.828456080913156145e-01,1.438984571368181475e-01,2.373160821639846985e-01,2.431124846699887765e-01,2.335547990884415670e-01,1.686482337415622923e-01,3.916096355684997032e-01,2.971183345687986588e-01,4.254332308534505280e-01,1.500000000000000000e+00,1.999290089929928738e-01,4.002298697460731081e-01,1.451318363971912384e-01,6.889263881758650454e-02,5.760592191570925585e-02,1.764262673155767569e-01,9.841358019434644222e-02,1.412675707738188235e-01,1.399180376694098005e-01,1.561947784932511685e-01,2.593041895436772881e-01,8.050069773350203295e-02,1.341431993357307118e-01,1.957125771830613425e-01,1.740345062493877659e-01,1.564299923449656571e-01,7.597018916064797456e-02,1.501293546311223415e-01,2.425342447677152347e-01,1.629208825787781256e-01,2.432212931211889528e-01,1.941084189867129661e-01,1.426325756075521034e-01,1.407111444316420934e-01,1.445014788109133530e-01,2.179488822754532262e-01,1.935108907777376985e-01,2.094196839036324698e-02,1.349831883655666642e-01,1.910362656234666501e-01,1.128807882861444789e-01,1.185643410567475270e-01,8.977607341418952780e-02,2.342348325118716323e-01,1.889234593619687763e-01,7.085306069230455639e-02,7.053411132423145768e-02,1.275104921509457034e-01,1.614437921280636457e-01,8.359901820773696368e-02,1.032170123087456648e-01,1.608697818288401526e-01,2.094255415443262991e-01,1.850022259472159925e-01,2.080471849179410526e-01,4.819883655337096201e-02,1.544557025007215201e-01,2.747786724024324778e-01
1.462267391118840798e-01,9.832748726532575256e-02,1.429859731967328407e-01,7.601030181015602794e-02,2.510966669609035473e-01,3.020557070993488136e-01,2.029329365197075630e-01,1.239309516756314233e-01,8.824349221362048912e-02,1.837807536674621878e-01,2.992482107587307039e-01,2.405794146417638002e-01,2.820909379359163860e-01,4.129750451151217305e-01,1.871835571237503437e-01,2.574662518927537391e-01,2.127792867711853220e-01,2.891759669441721359e-01,2.838155942550412147e-01,1.999290089929928738e-01,1.500000000000000000e+00,2.105630700301686919e-01,1.982964154327067630e-01,1.270911839707614122e-01,7.184424101340061708e-02,3.966923813362505102e-02,2.255680107060937245e-01,7.632040893235680912e-02,8.596324698563544142e-02,1.947958774170646945e-01,1.370356686158795134e-01,1.840269776308789129e-01,9.323926637242460624e-02,1.773440378274692697e-01,1.756568177659559304e-01,2.093672463052371757e-01,2.003357111885025466e-01,1.735030164489816396e-01,4.771091808519802718e-02,1.429631861206765442e-01,2.262019762755830277e-01,2.546067404808179946e-01,9.137426261143234696e-02,1.669253361896347043e-01,2.072934772944433068e-01,8.327153725191333011e-02,1.676525401884560729e-01,2.033810195181126046e-01,1.759694393370882515e-01,1.554498909903876125e-01,2.242203015019476053e-01,1.662488564933082003e-01,1.049130360845263177e-01,8.906265805907706556e-02,1.844868538326360496e-01,2.026458057350973840e-01,2.136139098492515209e-01,1.831241317678116987e-01,1.627385886328820142e-01,1.035719367493170839e-01,1.885870982315575317e-01,1.477234784462115869e-01,2.811615867998141782e-01,1.590543893627396344e-01,1.609517468099269655e-01,1.535909470746639749e-01,7.725136841126790943e-02,1.311074536982287653e-01
2.980561179126307580e-01,3.293762402268247680e-01,1.625172128312729614e-01,2.397882143477464978e-01,2.698485894260421736e-01,6.113404096031821444e-02,2.609883225375618232e-01,1.460528760882680022e-01,1.812613620602254172e-01,1.136506130565774486e-01,1.522909445460042810e-01,2.345397015849114419e-01,1.545504229622597370e-01,2.457625572330500441e-01,1.971486366644614741e-01,8.601716704097833732e-02,2.054669897745046159e-01,2.476389694301540101e-01,2.841128589114055858e-01,4.002298697460731081e-01,2.105630700301686919e-01,1.500000000000000000e+00,2.348931368447969015e-01,8.534855941615075714e-02,1.608848907815049467e-01,1.054509742639547498e-01,2.455156998751705788e-01,1.237668635370979542e-01,1.733578108435965548e-01,1.704656349665106541e-01,9.997142169280477664e-02,1.218605244781406916e-01,3.956704796577796557e-02,2.386216170201354569e-01,1.772233145774967933e-01,1.248120110764752017e-01,1.125713876035591976e-01,1.786238170526452118e-01,1.371047087848588086e-01,2.458526437841098700e-01,5.970214269795666440e-02,3.197697262056879708e-02,5.684662129851628803e-02,8.361977453013931527e-02,1.637494274472450495e-01,1.123514615809670103e-01,2.087168537418671033e-01,1.513332231343545997e-01,1.797992074961035913e-01,2.381918090146552536e-01,8.402709079554661342e-02,1.363262993252543076e-01,1.380768353058224041e-01,1.310843496560961663e-01,1.396895326026235395e-01,2.408835674991709475e-01,2.030357625959309242e-01,1.202904925528962832e-01,1.241783799236258756e-01,1.340964035134614152e-01,1.466712341598049307e-01,1.435966329867348346e-01,1.177759477375218550e-01,2.212936450722127746e-01,6.070838979817283487e-02,2.221877840824423023e-01,2.510028041214091843e-01,1.986929001084940527e-01
6.477028653021434101e-02,2.792571275922787755e-01,6.168450151847875568e-02,1.390858694341456370e-01,1.042265108380982519e-01,1.401317569657181683e-01,4.778646562741981074e-02,2.040132576522494245e-01,1.126413049405533828e-01,8.073532659561843960e-02,5.474722569797430688e-02,6.914430875810245736e-02,9.631848408213945778e-02,1.470268356514811414e-01,1.492517324410728707e-01,8.400591292511186414e-02,1.100346238867905557e-01,1.239409778347635438e-01,7.937676590912173813e-02,1.451318363971912384e-01,1.982964154327067630e-01,2.348931368447969015e-01,1.000000000000000000e+00,2.616345544249975563e-01,1.295367633775439953e-01,2.527007764974820159e-01,5.265583437269413108e-02,5.966114915306752753e-02,4.037371785193259732e-02,1.560171131134829858e-01,1.157439128715023469e-01,7.424874709308428022e-02,1.172616487758620651e-01,6.896685213820587246e-02,1.646817695345387800e-01,1.594597989173116848e-01,9.978835141434112821e-02,4.922432149936571688e-02,8.199597226286141349e-02,2.392284074865815846e-01,1.267031836290515301e-01,1.008628353067102801e-01,8.318217607856676077e-02,7.365058188295067754e-02,9.005029433019408336e-02,1.787119725444892004e-01,1.767098257921045912e-01,1.291320686414247354e-01,8.681124047203572780e-02,1.836463024395331711e-01,1.974801431754214520e-01,1.889411934962309525e-01,1.813901893935740695e-01,1.560472710924499795e-01,1.548976252899403050e-01,9.345642433808735994e-02,2.367574287994882454e-01,1.931327232415880057e-01,9.326550259631753714e-02,2.616605552316050298e-01,1.497863297668465821e-01,1.639435401298823813e-01,2.464324654005089488e-01,1.561918149522941168e-01,2.343934528301254080e-02,1.109629669667681340e-01,2.013420052104510916e-01,1.782090585476304723e-01
