8.000000000000000444e-01,-1.181116223596343981e-02,2.386297436364249736e-01,1.557697665730043979e-01,9.605441880973182578e-02,3.537913037986255282e-02,1.316166362520078126e-01,4.170060586939805525e-02,2.372940839561255288e-01,1.769562323903443313e-01,1.245921461446917733e-01,1.561953852665991238e-01,3.767093380554208393e-01,2.375727902449279172e-01,1.988973148951637682e-01,3.143528867565525964e-01,1.063369050243565539e-01,1.353700255159096810e-01,1.284557616939359104e-01,6.617986928966143600e-02,-1.722002598911075155e-02,8.492495939894280366e-02,-1.259049181757015967e-02,5.317105691672929790e-02,-1.305021817495140013e-01,-1.265538078785072851e-01,8.238604153265624563e-02,9.949781865977778972e-02,3.471334037142528861e-02,-3.627641205840208272e-02,4.925211886228150759e-02,5.716173111275058005e-02,3.899731667344757957e-02,-4.900098901923168049e-02,-9.732073005027037926e-02,-1.760702325599272644e-02,5.692317755953218983e-03,1.018997414736141360e-01,-3.235405702738458622e-02,4.518133988717279448e-02,-1.532357515286023042e-02,5.779267724489614566e-02,5.147685418023420501e-03,4.768527933858156265e-02,2.701636687332809039e-05,1.762034333992447133e-01,7.036502437348352013e-03,1.033157350328481189e-01,9.339867379915642309e-03,3.513010413078646033e-02,-2.764488895508238064e-02,-4.305170060333146642e-02,7.003040202849639129e-02,7.222595139771918749e-02,-3.127224899697420013e-02,-1.138773954028278745e-01,6.101323803200744966e-02,2.678849408404182508e-02,2.150608422160524280e-02,-8.246326585032215384e-02,3.879678875011779993e-02,-1.937109321149463326e-02,4.295576670426901056e-02,7.914181602778110058e-02,-1.649130461802086611e-01,2.003388346490560246e-02,-3.547180315943496837e-02,-8.317476674017382221e-02
-1.181116223596343981e-02,8.000000000000000444e-01,2.025801141376277759e-01,1.214347810527928173e-01,-1.299418951466639605e-02,2.392861084884531642e-01,9.569751217626897011e-02,6.567678978518107225e-03,2.863314461322971072e-01,-3.999864074058344376e-02,1.699000645526702602e-01,2.981750076021276730e-01,2.319051787461326175e-01,4.634558820775774857e-02,3.069573130521507931e-02,6.063188667759440015e-02,2.493365916485106859e-01,1.476599619512469486e-01,2.613606427177855296e-01,1.167420932631162145e-01,1.993824410318016382e-01,1.472445176239121911e-01,1.097973185004077479e-01,-1.980723420830474146e-02,-7.453988745388939741e-03,5.078038129556046443e-02,-9.927609315302066140e-03,7.101020539577732049e-02,6.240210033260482070e-02,-7.794198438890259650e-02,-1.046397947493400704e-02,-1.656986448971781156e-02,-1.745752111722423117e-01,-1.704612277997702707e-01,5.583155320646099318e-02,5.724996980353577736e-02,5.567752041464052448e-02,-6.308562541868378837e-02,1.420771491443105772e-01,6.054275091203945025e-02,-1.468729119195262556e-02,1.842682437276366159e-01,-5.092660031653700736e-02,-5.089597845745369442e-02,-4.135921359140740106e-02,-5.490263812301832136e-02,9.487278169802787486e-02,-5.904852588371894972e-03,-1.361990845273854112e-02,1.183727398335322756e-01,-1.453785342424576688e-01,-1.089038343772530393e-02,-1.043729644931937761e-01,6.520598657945581023e-02,7.697073613944929726e-02,7.026932265278590384e-03,8.085949200092168443e-02,3.851721316984968446e-02,7.699336787206298438e-02,3.333467760318596651e-02,-1.266954095693187399e-02,-1.366756903734260842e-01,1.025222004924728758e-01,1.157742267561501781e-01,4.454664073043729244e-02,-1.326306880348042117e-01,9.133338412271865825e-02,-7.176399473190223088e-02
2.386297436364249736e-01,2.025801141376277759e-01,8.000000000000000444e-01,1.137217495614962909e-01,2.345415167362366604e-01,2.226706971084722875e-01,-4.632017908165246556e-02,4.944042989708653801e-02,2.826025992744977261e-02,1.205555364142304187e-01,1.763339619486288534e-01,2.969196464706043148e-01,8.007410829811675845e-02,2.788130338552664567e-01,2.457040253953638453e-01,9.013848114006633994e-02,1.683824265270409959e-01,2.229353938311312011e-01,1.317359688726639777e-01,2.343887731497450444e-01,1.191466974226000064e-01,-4.262952200282495857e-02,9.422941599072652552e-02,-1.754100226264161400e-01,-2.601205128731581828e-02,-4.359803285520209848e-02,-6.515224003166356082e-02,-6.719219141013169083e-02,5.107288439991239382e-03,3.678811897167257039e-02,-7.564175884294144225e-03,2.355895369670255035e-02,1.038922478755392731e-01,-2.798865155536744975e-02,1.666554500027533914e-01,2.516664345840953498e-02,-1.300764243080919091e-01,-1.544770471681676804e-01,-5.692171362465447970e-02,7.040505855310720540e-02,5.701781720073262338e-02,1.064691438028601833e-01,5.532621994777316143e-02,-1.389946800512975589e-01,1.231301721360632540e-01,6.619682135273130541e-02,3.837911018762144022e-03,-2.749604530115552781e-02,-1.617788360558805594e-01,2.497881092564113725e-02,-9.713236734200587918e-02,1.717227752130620622e-02,-5.124641803124152517e-02,-8.729087030397830738e-02,1.027356210993651819e-02,1.514851334946225869e-01,-4.712294245298376261e-02,3.104229956571641358e-03,5.036376964170577453e-02,-6.279520716424390192e-02,-8.610389719246819284e-02,2.457610720986566633e-02,-8.900898828330508494e-02,2.252238625040767217e-02,1.273565950786800238e-01,-1.653008652521955058e-01,1.196878544109876014e-01,7.966602489778984442e-02
1.557697665730043979e-01,1.214347810527928173e-01,1.137217495614962909e-01,8.000000000000000444e-01,2.464565342127294778e-01,3.184471535301260370e-01,7.541549154124278787e-02,5.142844872651830546e-02,8.500957525490819566e-02,4.122814322654666519e-02,2.694111570655319809e-01,1.900164301899306962e-03,1.541935957379646505e-01,2.700631400442532470e-02,1.741856866648851809e-01,1.558283652217969384e-01,1.760808928664715500e-01,6.271670492670136654e-02,1.520033125457178613e-01,7.284059076464373395e-02,2.993272890761070060e-01,1.629998212070165875e-01,1.391677960320758523e-01,-1.058964714997038675e-01,-2.168701849351274691e-02,3.428981264871067136e-02,1.001000659167922552e-01,6.294092093584446879e-04,-3.979940019351642377e-02,1.278779707714028380e-02,9.501286250133689215e-04,5.924431535756974343e-03,1.091889248867330964e-01,4.422792696941406365e-02,6.893192742967736708e-02,7.865298528991176985e-02,8.995079402803379809e-02,8.543960516570631158e-02,-3.781548608772450359e-02,4.210542519019466745e-02,3.498219153993786801e-03,5.847036229510084449e-02,7.184618438439860366e-02,7.914003054265317250e-03,9.560575797472756210e-02,2.478036309024389539e-02,3.545781803754365080e-02,-1.792379265684007628e-02,-1.116276165754640226e-01,1.234553541686397860e-01,9.293934608250073448e-02,-4.217157492686871012e-02,7.739787509245324437e-02,2.972807756612716457e-02,-8.450918845223426290e-02,4.035903349254116312e-02,2.527641951405015797e-02,-9.427765325611489611e-02,7.943020571663866880e-02,5.267727068107547206e-02,1.295574214940328761e-02,9.692972458354048859e-02,9.892357155002448610e-02,1.158497252081319706e-02,9.239454641423072712e-02,-5.906845908099633835e-02,-2.886017003789781432e-02,6.890742024329016280e-02
9.605441880973182578e-02,-1.299418951466639605e-02,2.345415167362366604e-01,2.464565342127294778e-01,8.000000000000000444e-01,1.235134573702588168e-01,2.679225505681296915e-01,2.789350897436558840e-01,8.661847946400684506e-02,2.287538226568631983e-01,7.188246962978263321e-02,-1.401908745132499079e-02,1.953660797562484785e-01,1.248039306347095700e-01,2.786531203753992436e-01,4.463635532138504614e-02,1.350480010075698345e-01,2.543207971336368667e-01,-1.305604374173587046e-02,1.686467031665174754e-01,2.973780119180886583e-01,4.608325639591901585e-02,-2.100442665827791100e-02,1.440366962994091282e-01,-1.098118848729384006e-01,8.813476457237720552e-03,-5.466332731892870056e-03,4.960022504933386811e-02,-1.242715994467678414e-01,4.359338091478158483e-02,8.006291077057553496e-02,-1.358927145996351726e-01,1.339720354346970177e-01,1.390567584671469348e-01,2.842107617160413713e-02,2.490805318052202733e-02,1.772048721526442439e-02,1.776410029117556078e-02,4.487683246130910741e-02,-1.424936150670629842e-01,-3.915674193887361265e-02,-5.946551039620345813e-02,-4.390069512403244056e-02,5.935910695491736222e-02,1.424488169330118681e-01,1.086473385341017728e-01,5.809169007742634450e-02,9.741377065760190024e-02,6.052225690834465988e-02,-2.801276897571508551e-02,2.136977464401226823e-02,3.844636894788566739e-02,-3.680563104278196385e-02,7.501498664613312495e-02,-3.150945495889942438e-04,8.282393370451744674e-02,-8.737500863006555929e-02,1.412022287765480888e-01,1.031020519679197167e-01,-2.128018215216212483e-02,7.793517957741996627e-03,1.805730763365018532e-01,3.300987272323471777e-02,-5.387583969829287667e-02,1.884876887568397996e-01,9.284165273254138540e-02,1.151686322507837479e-01,-1.615358766180127748e-02
3.537913037986255282e-02,2.392861084884531642e-01,2.226706971084722875e-01,3.184471535301260370e-01,1.235134573702588168e-01,8.000000000000000444e-01,2.161212854628076496e-01,1.252881691926526209e-01,3.574002055580421389e-01,8.094422575772319828e-02,3.112342256076510161e-01,1.079287677953352786e-01,1.389154265971945801e-01,1.483719957280755231e-01,-3.141669599572922966e-02,-6.444776756541811813e-02,3.062241605253586685e-01,1.771412631961800654e-01,2.149673659299125017e-01,-1.263583645227491781e-01,1.302695396548876616e-01,2.616083624446883249e-01,1.025076237395797507e-01,-1.669238645838690416e-01,-2.511759849307532155e-02,8.835092570430405634e-02,1.718695524973604671e-01,4.814364778031529624e-02,5.883707578355160117e-02,2.685989284997469806e-03,7.036101272230181614e-02,-6.658825866487000367e-03,-4.741889534418342045e-03,1.335038947485428229e-01,-1.621658367899028730e-02,-3.172845791435046497e-02,4.950871215241586798e-02,-6.134163702950325148e-02,1.295883648147113654e-01,-9.623935524505114469e-02,1.791942952821423685e-02,1.099360884835992036e-01,7.999634023177064346e-02,8.848462518076857797e-02,-1.274225891594542304e-01,8.953761711497568165e-02,-4.674928209478025620e-02,-2.528002367546570983e-02,9.989928523844636421e-02,6.575537064827105538e-02,-6.999913798532375608e-02,1.089295730107977117e-01,5.439197224433778288e-02,-4.884670797095509720e-02,-3.334939078769796894e-02,1.807136098300816118e-01,-2.565583106187278861e-02,4.713574234438679122e-02,1.681764771387177781e-01,3.603793382127318257e-02,4.408293086671745409e-02,-9.447651045842368756e-02,1.588567003673119205e-02,-2.229401245200990367e-03,-6.360053954288277800e-02,2.272514901300158319e-01,1.276453875487202905e-01,5.042013880030360440e-02
1.316166362520078126e-01,9.569751217626897011e-02,-4.632017908165246556e-02,7.541549154124278787e-02,2.679225505681296915e-01,2.161212854628076496e-01,8.000000000000000444e-01,1.150596324414779187e-01,9.305828153549289272e-02,1.704776140966260400e-01,2.030949319475150172e-01,1.492327837470952545e-01,2.130165232290076593e-01,2.531228626967765849e-03,3.350181318386673546e-01,1.048917811376211540e-01,1.690188336175506567e-01,2.067761108328367015e-02,8.073249935033610658e-02,1.050502870196187155e-01,2.200368159926273104e-01,3.359391654939097860e-01,6.669715028035308468e-02,7.498471414547767944e-02,1.200374155472338639e-01,1.094335622228460592e-01,1.264939016208200540e-01,1.097941405358973666e-02,1.000575421532988035e-01,-7.778254022872588269e-02,1.479920801123665863e-01,-1.048135095888273055e-01,-2.519415881114089872e-02,5.394488000254879512e-02,8.281290058321871816e-02,-9.165660991817005387e-02,-1.007602492779033354e-02,5.342262572877684579e-02,1.407892630965135450e-01,1.402699215709091174e-02,1.083204304356423925e-01,1.441434820314750065e-01,2.060425916807506752e-02,-3.233406314650470736e-02,9.091674059565063581e-02,1.729011296067529957e-01,6.228453671430275729e-02,-1.006425886337393161e-01,5.096084858951232394e-02,1.954893960251916085e-02,1.675940536534806236e-02,2.938721257634500927e-02,7.218922326190629901e-02,1.606749708202845350e-02,9.708021009736446383e-02,3.196813576851394167e-02,3.695744840250153596e-02,1.114218503508636188e-01,1.159356605179950317e-01,2.795030465055414748e-02,-9.482243291780037553e-02,-9.674393329913738571e-03,7.960115014275795375e-02,5.187531907347352200e-02,8.915362775088933600e-02,1.336045504931355765e-01,-2.570980998928273920e-05,3.971880564315122264e-02
4.170060586939805525e-02,6.567678978518107225e-03,4.944042989708653801e-02,5.142844872651830546e-02,2.789350897436558840e-01,1.252881691926526209e-01,1.150596324414779187e-01,8.000000000000000444e-01,2.496454128465688815e-01,2.738904889106727469e-01,6.416607566722731804e-02,2.323290033449056935e-01,1.556785774406009293e-01,3.503530996745872761e-01,1.001720323504724230e-01,2.664848023731858362e-02,7.835321296816642744e-02,3.475455795570759898e-01,3.223467726606925043e-01,2.868492252762347983e-01,2.168354225682448677e-01,2.845415847045881796e-01,-2.884140766126730426e-02,7.025695481612737048e-02,-7.781939570110686655e-02,-3.314912243121820312e-02,1.660346343419665527e-01,6.887077263011559536e-02,1.043733626429990957e-01,7.259660385978757013e-02,9.879448922208879103e-02,-1.874170713263453858e-02,-5.711785492575201240e-02,7.017320005797617055e-02,5.290120899397200704e-02,5.340560896380580624e-02,1.040213500561524285e-01,-5.940619854244094666e-02,9.169747027587227262e-02,2.188386374772521847e-02,1.427238340239372905e-01,5.207536997787803879e-02,1.213567981974250642e-02,-7.066511242245626656e-02,4.914959188458753458e-02,6.547818065238142360e-02,9.235007010362872304e-02,-1.301834802439960637e-02,1.024449202274033688e-01,3.184311023969522980e-02,-3.022144493157627454e-02,-1.025068707252398958e-01,-4.609307104729287730e-03,-9.512775343071898371e-02,-9.893988117446017583e-03,-2.226311894753899012e-02,5.018815540440113576e-02,-3.194656281183046176e-02,-1.484792726574034605e-01,4.910155101744934081e-02,8.229136089788860464e-02,1.993813054075636859e-01,4.282010282950117486e-03,1.132486504108788650e-01,5.169860892350380821e-02,1.147800362438133881e-02,-4.590712026240295618e-02,-1.603584227170817833e-01
2.372940839561255288e-01,2.863314461322971072e-01,2.826025992744977261e-02,8.500957525490819566e-02,8.661847946400684506e-02,3.574002055580421389e-01,9.305828153549289272e-02,2.496454128465688815e-01,8.000000000000000444e-01,1.738050452959075398e-01,1.479657412577056741e-01,1.141301165540233031e-02,2.150528002613272816e-01,-3.757670136922960230e-02,7.508060502616653586e-02,2.254698407634262436e-01,2.796540927298695189e-01,1.940216515984962420e-01,1.406079677355975277e-01,1.852927245149405266e-01,2.584140004280959246e-01,1.396672394713687482e-01,-2.799219625154911184e-02,3.220010506196210875e-02,2.381631355854280097e-02,1.726686061111143422e-01,2.131270859533272721e-02,1.198016311591867389e-01,-5.780999020204408145e-02,1.258425783694215594e-01,-6.782323302184189995e-02,9.727283681464790610e-02,-5.625513342499385144e-02,8.998455226583679245e-02,-1.126618242672969283e-02,-6.566477590742728077e-02,-2.358981124925323136e-03,4.608016015472105043e-02,7.714134521413590351e-03,-6.104914439477250598e-02,-4.575885168755547405e-02,2.651149054064647070e-02,-2.490477335395652192e-02,9.954554387066667787e-02,-1.015968280854457617e-01,-1.437822283681799429e-01,8.179521399135109005e-02,-1.743699213496868738e-02,1.047930787273562564e-01,1.444002046558565122e-01,1.033911373400085293e-01,-5.306202735252707470e-02,-4.568145277741822441e-02,2.037335172840383235e-01,4.536360969929931208e-03,-5.669794251236814908e-03,1.571807771234826623e-01,2.758697898180076380e-03,9.904603787396135117e-02,2.491604186143729638e-02,-4.349600601504297059e-02,9.436716042077861188e-02,-1.102484822929833130e-01,7.946292312233077526e-02,9.194918343588648346e-02,4.182727808101369127e-02,7.889606404628837777e-03,9.974036566776491031e-02
1.769562323903443313e-01,-3.999864074058344376e-02,1.205555364142304187e-01,4.122814322654666519e-02,2.287538226568631983e-01,8.094422575772319828e-02,1.704776140966260400e-01,2.738904889106727469e-01,1.738050452959075398e-01,8.000000000000000444e-01,1.396010942428801693e-01,2.042753492231281498e-01,2.346951076453946960e-01,1.442712806245160517e-01,9.501804406971428585e-02,1.998166166172523073e-01,7.765471483969048350e-02,1.018954678791328256e-01,6.748298985620349022e-03,8.303687517529875772e-02,1.036728977655413386e-01,-8.636763257451815501e-03,2.658214348675297378e-02,1.313661393536282862e-01,1.304060258256843630e-01,9.261863483560664467e-02,-3.004592502642763896e-02,1.412946089909179470e-01,5.624178272175317517e-03,-5.162085782326286676e-02,-1.458077468374813224e-02,9.327395187742781868e-03,4.033675956269511947e-02,-5.507407024271691875e-02,-6.022296965414432324e-02,-3.364387710548094601e-02,1.599584143473442577e-02,1.068154208322552035e-01,1.317137892027503421e-01,2.118261305221283419e-02,1.199506054664405547e-01,-1.296869304329444084e-01,2.190652240951306562e-01,-7.784053102841906324e-02,1.101930082952124329e-01,-3.942558521450548192e-02,-1.034495181888221843e-01,8.965646663564756647e-02,8.308395572414352392e-02,1.922687364315189829e-02,1.332608063545479005e-02,1.746723694283957573e-01,6.285224467302973073e-02,1.259525300040442719e-02,4.188336075945485459e-02,1.014313213324681273e-01,1.885756640186406208e-01,1.309876417979289054e-01,-4.562173688259468785e-02,5.345964184447815626e-02,9.156709361873566211e-02,-5.935068862285949876e-02,-1.022459371404965678e-02,9.166262364003674445e-02,1.498138037518062515e-02,5.932155955539974990e-03,1.597863894565788867e-01,-1.646134173931296241e-02
1.245921461446917733e-01,1.699000645526702602e-01,1.763339619486288534e-01,2.694111570655319809e-01,7.188246962978263321e-02,3.112342256076510161e-01,2.030949319475150172e-01,6.416607566722731804e-02,1.479657412577056741e-01,1.396010942428801693e-01,8.000000000000000444e-01,8.104244785288393371e-02,1.490526545056092833e-01,2.648900367378745346e-02,-8.015643838605339411e-02,1.046012240597420651e-01,2.163828815009345707e-02,1.302584883651674019e-01,8.230526591812419024e-02,1.889472772240777532e-01,1.840828913222314345e-01,1.719521677537371174e-01,1.893207053518776439e-01,8.655177670974310844e-03,7.702487440440497490e-03,-2.234862377568969105e-02,4.766727723385480453e-02,-5.155816681091306142e-02,-8.324403710567182535e-03,8.681281746767791074e-02,6.715740840813556878e-02,1.599093254176678358e-02,1.550229778631356803e-02,1.047349078857465199e-01,-2.047301822858479947e-02,7.374236951517462724e-02,9.483181900972272038e-02,1.181860209072684298e-01,5.037750566438473077e-02,8.516957870922547968e-03,-2.097524653273799555e-02,-1.326899113516510631e-01,-2.878844931096941062e-02,5.209377267849657489e-02,1.684697407233458344e-01,7.362123442856043087e-02,7.349283745192398964e-02,7.991580177248244765e-02,8.619216197806978119e-02,-4.989956886731827801e-02,1.646395089315430826e-01,3.794579980393948671e-02,-1.565947897347467199e-01,7.170644985631810520e-02,-1.037149072932727623e-02,1.118174499826037477e-01,-3.286949548830617185e-02,5.344458149456086937e-02,1.940132851135182024e-01,5.872757340282266925e-02,6.408717070797648185e-02,1.115071155129060548e-01,-1.099082168557564548e-01,1.694543305126156307e-01,-8.397818512153516768e-02,-4.141928047491637288e-02,-1.621640307201754894e-02,1.704426439751718925e-02
1.561953852665991238e-01,2.981750076021276730e-01,2.969196464706043148e-01,1.900164301899306962e-03,-1.401908745132499079e-02,1.079287677953352786e-01,1.492327837470952545e-01,2.323290033449056935e-01,1.141301165540233031e-02,2.042753492231281498e-01,8.104244785288393371e-02,8.000000000000000444e-01,1.828030529751679678e-01,2.983275199569975777e-01,1.341168047886241721e-01,2.323216523398976274e-01,1.145917666333913509e-01,2.007650455965662162e-01,7.379780115218398384e-02,-3.076677154980371476e-02,2.971142242785597062e-02,3.913124552730122552e-02,-3.530662114702338983e-02,1.577516851592354330e-01,-4.557442335219250018e-02,1.269546310456093341e-02,-4.309889775523688404e-02,-8.428073623530631109e-02,7.902118849577383086e-02,5.024990893069009035e-02,3.896768299455147244e-02,-4.126077368326555583e-03,-6.526077129197851989e-02,4.829106344957967423e-02,-3.399086704561370131e-02,-2.272634495824641526e-02,7.090870028397189273e-02,1.654894070959377905e-01,4.815421652447360312e-03,8.798489551996313551e-02,1.550186198921257863e-02,6.821013003389209128e-02,-9.471315268546007249e-02,6.488935909914031464e-02,1.559964237617462446e-01,5.110481223293038278e-02,9.625487134423242608e-02,-5.156117665381820814e-03,1.154635096131342575e-01,-2.275797459578762783e-02,-1.359026982085142221e-01,-6.623331985137484446e-02,3.368393089896173226e-02,-7.816951252964171593e-02,1.476958589873328953e-01,1.626748249636373878e-01,1.314882143805370662e-01,-3.717920281204314947e-02,-1.586316540389687280e-02,1.139727376358442706e-01,-9.024416180010097488e-03,-8.423183884853338577e-02,3.209624396842281069e-02,-8.365125313504771787e-02,4.318235511558887740e-02,5.113354285239921082e-02,-8.767019816902893448e-03,-1.697132894054101948e-01
3.767093380554208393e-01,2.319051787461326175e-01,8.007410829811675845e-02,1.541935957379646505e-01,1.953660797562484785e-01,1.389154265971945801e-01,2.130165232290076593e-01,1.556785774406009293e-01,2.150528002613272816e-01,2.346951076453946960e-01,1.490526545056092833e-01,1.828030529751679678e-01,8.000000000000000444e-01,1.705928361560593298e-01,1.831565489242160116e-01,2.214027415553485589e-01,1.059243810394322749e-01,3.889531728842929303e-02,9.655609165027737029e-03,3.016166995617270974e-01,1.479706245559835875e-01,8.022892744755291683e-02,1.739796038411020040e-01,-1.076807787818411660e-01,-1.108593714278652415e-01,1.126629056234151882e-01,1.323078902443529103e-01,-7.240053001847124303e-02,1.443798502751369173e-01,5.091225434841577246e-02,2.855651585781993074e-03,7.017912067490297834e-02,-7.579856633805504007e-03,-1.901787241838233389e-02,3.093549524931209216e-02,-7.662608408676163663e-03,8.673817501499023197e-02,-1.312817334540555825e-02,-1.069724120508560583e-01,2.132880635818890924e-01,-5.839744160270189666e-02,-3.750094737079077978e-02,-5.645096517145037351e-03,2.888781786817487540e-02,-1.890284553742792306e-02,-2.072001924814467766e-02,3.533212899215268377e-02,-7.946176473737029400e-02,-1.264442694918502252e-02,1.188625907911588370e-01,-2.781204850560781150e-02,6.287989939518734417e-02,3.979502517161259689e-02,6.791039562892638159e-02,-1.554818482416772674e-03,-9.330003416494063451e-02,3.992611709482732363e-02,-2.917868686339933348e-02,7.674727560875396759e-02,-2.717665768177919550e-02,8.732533839592769576e-02,3.449876016366903997e-02,-3.007487677059744041e-02,-4.931019917455908841e-02,-6.811480994980113890e-02,8.109752403794545650e-02,9.057091358577498696e-02,-2.838718608264555188e-02
2.375727902449279172e-01,4.634558820775774857e-02,2.788130338552664567e-01,2.700631400442532470e-02,1.248039306347095700e-01,1.483719957280755231e-01,2.531228626967765849e-03,3.503530996745872761e-01,-3.757670136922960230e-02,1.442712806245160517e-01,2.648900367378745346e-02,2.983275199569975777e-01,1.705928361560593298e-01,8.000000000000000444e-01,2.248547411263201456e-01,1.011556303745342195e-01,-5.030468428304331330e-02,1.906510991866770532e-01,1.691750577002458511e-01,1.368330991163592136e-01,2.821141402427860267e-01,1.817514950332986823e-01,1.010954671320986598e-01,8.270952328846531421e-02,-4.525658742720813088e-02,-2.350476136551968298e-03,5.321479868450526562e-02,3.010659273044022366e-02,-7.368317920071931759e-02,5.844939823927436384e-02,3.358420017326511908e-02,-2.267238220660093562e-02,1.939821906445353128e-01,-8.397641827894875011e-03,6.590299412157252235e-02,1.157899932548285271e-01,-8.909179692495707015e-02,8.621279124772278368e-02,2.830522441183716542e-02,7.895440368822950750e-02,4.912816663697425201e-02,-1.207778647617874235e-02,1.534782431971024874e-01,4.778065906351169900e-02,1.005047200973991778e-01,5.815025356128552397e-02,-3.684371141579220743e-02,2.270718978661742660e-02,-5.268358120395069677e-02,-4.541611195686548474e-02,1.495586769442056319e-01,1.819621234083995676e-03,-9.334559780068890644e-03,-9.549294479887808496e-02,3.565039762546734492e-02,1.029294271749980894e-02,-1.325772236380171054e-02,-1.400295026838210832e-02,1.067630253056264800e-02,-7.180877905138031980e-02,-4.973967903461976037e-02,3.959034812036386908e-02,-3.006047985569049175e-02,-5.889792207063773710e-03,4.074129732990996317e-02,9.554315034513402582e-02,1.995288310404701448e-01,-7.445979861701121361e-02
1.988973148951637682e-01,3.069573130521507931e-02,2.457040253953638453e-01,1.741856866648851809e-01,2.786531203753992436e-01,-3.141669599572922966e-02,3.350181318386673546e-01,1.001720323504724230e-01,7.508060502616653586e-02,9.501804406971428585e-02,-8.015643838605339411e-02,1.341168047886241721e-01,1.831565489242160116e-01,2.248547411263201456e-01,8.000000000000000444e-01,-7.974082699003168240e-03,9.961629642086591852e-02,8.226940744619801182e-02,1.768982275924057268e-01,1.759501041484525241e-01,1.659994725013484995e-01,-3.462195619127975132e-02,1.037766312749234671e-01,-3.954860986345593021e-03,5.169529067983900938e-02,1.284572395747472506e-01,-7.587791984337562134e-02,3.213597925339670147e-02,1.638641543772936804e-02,-1.883281359761107554e-02,1.077135338063869296e-01,7.511750387816060193e-02,-8.969468133488527062e-02,-4.400600813137245382e-02,2.421853715819332481e-02,-7.014961505160885458e-02,1.651020482739300743e-01,9.452709416476506865e-02,1.438707842109806234e-01,-7.122584257330050184e-02,-2.059263166405250756e-02,1.993797050734509302e-01,1.257214225811782160e-01,6.864322968439640071e-02,-4.129365209235430489e-02,9.395122067602651450e-03,1.394298259833413878e-01,-6.716917827304150213e-02,-8.602273765002604877e-02,2.179980146259382079e-01,5.963707887567071264e-02,-9.693863296267801744e-02,3.148710393473087843e-02,1.536822385211803754e-01,1.986415913118458887e-01,1.150763806862464267e-01,-8.844899392618316147e-02,5.470202093255664699e-02,-4.991648521893518597e-02,1.041589238520451710e-02,-2.887032585672025253e-02,2.093975853641177887e-02,1.049067353693673571e-01,-9.465472430750453137e-02,8.732323239849504315e-02,-1.459230850545251146e-03,1.082331816839281480e-01,4.992340049150997827e-02
3.143528867565525964e-01,6.063188667759440015e-02,9.013848114006633994e-02,1.558283652217969384e-01,4.463635532138504614e-02,-6.444776756541811813e-02,1.048917811376211540e-01,2.664848023731858362e-02,2.254698407634262436e-01,1.998166166172523073e-01,1.046012240597420651e-01,2.323216523398976274e-01,2.214027415553485589e-01,1.011556303745342195e-01,-7.974082699003168240e-03,8.000000000000000444e-01,2.820616939220350061e-01,1.843547757279399291e-01,7.112427094577127018e-02,1.348064573587990367e-01,1.062447876505127065e-01,1.929065382673805229e-01,-1.744891454721411023e-02,-3.730488525988887027e-02,4.826790663599300757e-02,-3.841290516043527337e-02,8.145087819287102904e-02,6.670911142717819708e-02,6.863990885704178424e-02,2.717083930524988311e-02,5.783911869658432681e-02,2.368020967154983725e-02,-3.378037470006867160e-03,1.006064446041073090e-01,8.195067843643377703e-02,-1.729590751209640620e-02,1.273435580345778084e-01,3.726509598445548743e-02,1.446770861512810535e-01,6.084348114292256748e-02,5.105501891221445043e-02,1.086969633610070096e-01,-6.081961415632161638e-02,5.989949073789690992e-03,1.318744430985803739e-01,1.009058637936528224e-01,-5.069642390746309513e-03,1.211013840288026333e-02,-4.805236721884043050e-03,-2.398484541337234099e-02,1.999256708692795370e-02,6.922877371909896826e-02,1.558333733696119217e-01,-5.545873010080479976e-02,-5.560079017547081559e-02,-7.112593989436818975e-02,4.519247578409213428e-03,7.056516775242857586e-02,8.291181657519627879e-02,1.383539054279429026e-01,-1.037665654214443428e-01,-2.021947912496449840e-01,7.625629855308407867e-02,8.568949059391123280e-02,9.018727769993545307e-02,7.106011965403957742e-02,1.482961522283906541e-01,4.666069808065093083e-02
1.063369050243565539e-01,2.493365916485106859e-01,1.683824265270409959e-01,1.760808928664715500e-01,1.350480010075698345e-01,3.062241605253586685e-01,1.690188336175506567e-01,7.835321296816642744e-02,2.796540927298695189e-01,7.765471483969048350e-02,2.163828815009345707e-02,1.145917666333913509e-01,1.059243810394322749e-01,-5.030468428304331330e-02,9.961629642086591852e-02,2.820616939220350061e-01,8.000000000000000444e-01,7.077801947973366703e-02,3.057926332174924766e-02,2.438960006159114624e-01,5.481646366499613038e-02,1.439345317791032863e-01,-4.629032586094461443e-02,-5.693253004183934651e-02,2.310511812801046838e-01,5.768631653343292420e-03,4.880977425694654759e-03,-1.011980635459406169e-01,1.012353877732081187e-01,1.428569487245739955e-01,-1.600559436142057201e-02,1.216031677662987587e-03,2.052572938225034893e-02,6.304241525335452234e-02,3.425569892635721425e-02,2.340370935784719109e-02,-5.783533913150040728e-02,1.238727639505093070e-01,5.388916720090217161e-03,2.635300455913705542e-02,2.185511028047293081e-01,1.840740316401031640e-01,4.781700253262924361e-02,1.024837407567647934e-01,6.110869354395426223e-02,-3.700084444850228194e-02,-5.274528421432456149e-02,1.012298020614929989e-01,-8.513356215617730316e-02,-6.697551204607259112e-02,1.950486485915006729e-02,9.372824580268895867e-02,5.418176480549136143e-02,-6.952810672222309307e-02,-7.347196905148373203e-03,1.397329439051661071e-01,1.934599912909253094e-01,3.274924789024191707e-03,-8.918423870329275638e-03,-9.656990410569107897e-02,-9.365951333039944371e-02,7.051336443162331546e-03,3.913567389331538277e-02,-5.891474192598555870e-02,2.569963114610732124e-02,1.503971311937170596e-01,3.676929532025775826e-02,-9.011982792774048123e-02
1.353700255159096810e-01,1.476599619512469486e-01,2.229353938311312011e-01,6.271670492670136654e-02,2.543207971336368667e-01,1.771412631961800654e-01,2.067761108328367015e-02,3.475455795570759898e-01,1.940216515984962420e-01,1.018954678791328256e-01,1.302584883651674019e-01,2.007650455965662162e-01,3.889531728842929303e-02,1.906510991866770532e-01,8.226940744619801182e-02,1.843547757279399291e-01,7.077801947973366703e-02,8.000000000000000444e-01,3.727994114842274331e-02,-5.781828061934154994e-02,5.077774011041039093e-02,1.387541872683242805e-02,1.108298451483707980e-01,4.533953194610421122e-02,1.038614117919480218e-01,2.596046575598370820e-02,1.291413372294503981e-01,-2.922069000420079998e-03,1.005583463306456704e-01,5.222718972403647686e-02,7.199817596285003340e-02,1.359534685731567660e-01,5.507191429252014658e-02,-8.455714565810083794e-02,1.840479405561329107e-01,-4.794480083072240328e-02,3.222453425781310332e-02,6.930491209588235391e-02,-1.337304598513783249e-02,3.415069489512890383e-02,8.976620021751308132e-02,-1.865732262226554861e-02,-2.122274186124222667e-02,5.788789548088726922e-02,-3.003764076362352986e-04,1.082746711624332780e-01,-6.253916950120320950e-02,8.529021708796702406e-02,1.616322809717757325e-02,-3.129221595440183357e-02,1.834242963965234674e-01,1.253225998708659417e-01,1.119965482301893411e-01,-6.967856673455821714e-02,-1.265798049920719426e-01,8.042435067279755934e-02,-5.704976846117321143e-02,-1.620319696694881018e-01,-6.077284785915681997e-02,1.544527727872059275e-01,8.305170755923282910e-02,1.476288012830281882e-02,8.514644960094658321e-02,1.493209038520607879e-01,7.983689599375956569e-02,-7.796888490002844285e-02,3.216954997663765137e-03,-7.663840632249170615e-02
1.284557616939359104e-01,2.613606427177855296e-01,1.317359688726639777e-01,1.520033125457178613e-01,-1.305604374173587046e-02,2.149673659299125017e-01,8.073249935033610658e-02,3.223467726606925043e-01,1.406079677355975277e-01,6.748298985620349022e-03,8.230526591812419024e-02,7.379780115218398384e-02,9.655609165027737029e-03,1.691750577002458511e-01,1.768982275924057268e-01,7.112427094577127018e-02,3.057926332174924766e-02,3.727994114842274331e-02,8.000000000000000444e-01,2.694933849104184653e-01,2.223228163365336130e-01,1.618089479213782322e-01,9.210156630315335935e-02,-3.092237814955853259e-02,-1.209306705641254032e-01,3.015271561881679996e-02,8.361203019721707985e-02,-2.742428894747933610e-02,-1.124181435850414995e-01,4.350734715744360159e-02,1.085687000451414641e-01,1.223606820164533510e-01,1.417422883064970995e-01,4.005871338826830219e-02,6.207295265640755400e-02,2.578712814856831681e-03,4.561676781660094215e-02,-3.584387578852668566e-03,6.699296641195792712e-02,-1.736634449833631133e-01,5.427683844410385872e-02,-6.665457441424058049e-02,4.582315358188152055e-02,1.269662959913536726e-01,-8.544452883091219197e-02,7.440331115901427372e-02,7.719436250988240267e-03,7.843167482648807920e-02,8.523460513560306151e-02,-7.351618934921663739e-02,-3.820994118812964802e-02,1.159684518903548872e-01,-4.567213793716318193e-02,4.997051397407106799e-02,-8.762422904101849208e-02,4.977226712157278854e-04,3.784223327500613188e-03,-7.000587953586923096e-02,1.108391808799283756e-01,2.436891806539834282e-02,5.621858696039910841e-02,-3.816651330754293470e-02,2.196369941581338692e-02,-6.580193239314344189e-03,-1.305916981927373599e-01,6.755161625267186443e-02,-2.675103018521973741e-03,-4.085980685975568183e-02
6.617986928966143600e-02,1.167420932631162145e-01,2.343887731497450444e-01,7.284059076464373395e-02,1.686467031665174754e-01,-1.263583645227491781e-01,1.050502870196187155e-01,2.868492252762347983e-01,1.852927245149405266e-01,8.303687517529875772e-02,1.889472772240777532e-01,-3.076677154980371476e-02,3.016166995617270974e-01,1.368330991163592136e-01,1.759501041484525241e-01,1.348064573587990367e-01,2.438960006159114624e-01,-5.781828061934154994e-02,2.694933849104184653e-01,8.000000000000000444e-01,2.517337449986052911e-01,-5.334091286225903228e-03,-1.522953414550378970e-01,2.665554786860771519e-02,-4.048088145897195400e-02,-1.435513896592104932e-01,7.962396821617481746e-02,2.466403759880497759e-02,3.086599522267204077e-02,3.227451884835799700e-02,5.085876596819996487e-02,-2.908263070157601771e-02,-1.818701015447544977e-02,6.357843952269449928e-02,1.667081387112136492e-01,7.786075594573443892e-02,1.369565206889129250e-01,1.218169476356928405e-02,-3.287431554255576538e-02,1.213858582384029633e-01,1.594303711407554780e-02,-9.368252624122436201e-02,8.273950079688538461e-02,-5.984513167386489030e-02,4.558783231307048101e-02,3.135198218338995646e-02,1.754244638390988487e-01,1.000083204008231225e-01,1.523582812321882807e-01,4.983294339606753054e-02,-4.840700972968783877e-02,-6.370957575803679052e-03,1.180357900997520554e-01,7.967557573211800359e-02,7.031289258905532025e-03,1.903845636848039424e-02,3.733504331185646952e-03,-4.839546567436592284e-02,5.250134331935638055e-02,1.313498246613315212e-01,4.980645337643807569e-03,9.940683976142972167e-02,-5.301112489668755035e-02,7.992761300176765005e-02,5.256689997417318683e-02,1.292616282114762427e-01,1.245519765914797627e-01,-1.974921216021402470e-02
-1.722002598911075155e-02,1.993824410318016382e-01,1.191466974226000064e-01,2.993272890761070060e-01,2.973780119180886583e-01,1.302695396548876616e-01,2.200368159926273104e-01,2.168354225682448677e-01,2.584140004280959246e-01,1.036728977655413386e-01,1.840828913222314345e-01,2.971142242785597062e-02,1.479706245559835875e-01,2.821141402427860267e-01,1.659994725013484995e-01,1.062447876505127065e-01,5.481646366499613038e-02,5.077774011041039093e-02,2.223228163365336130e-01,2.517337449986052911e-01,8.000000000000000444e-01,-2.138361337034960785e-02,-7.115376911584642139e-02,5.172370857298341784e-02,-1.254754464083085719e-01,1.004890555800320301e-01,-5.330461759426041723e-02,1.655327032799350506e-01,-6.903298883442048062e-02,4.709871678833259245e-02,2.534247892556007464e-02,-7.495171720180890396e-02,-1.320190606444165971e-02,1.139283391832190406e-01,1.181978684485987530e-02,-3.605847843191889446e-02,9.137586013171666854e-02,-5.887594961019997075e-02,-1.352949165557827127e-01,3.104206374767687349e-03,-1.119533776482586895e-01,3.115043706482120700e-02,-3.496895742215444525e-02,1.501729481838976199e-01,4.448795815326683778e-02,4.127795493663932724e-02,-7.314733096989280148e-02,7.561207332773134393e-02,-3.349768405614920314e-02,-1.097532014441807979e-01,1.440971943972805258e-01,9.114028107462285311e-02,-6.701144775910508611e-03,-9.731496944371004210e-03,-3.231176955144410279e-02,1.623750730488296157e-01,6.989559854757379509e-02,7.281028477848608405e-02,6.078952125373585785e-02,5.111819390690164333e-02,8.779395390354133299e-03,-6.198421842768714329e-02,-3.893027304808624467e-02,3.165332690845738817e-02,3.742452196879408888e-02,-7.421286552757599964e-02,-7.380676451031881191e-03,-8.361013593710059366e-02
8.492495939894280366e-02,1.472445176239121911e-01,-4.262952200282495857e-02,1.629998212070165875e-01,4.608325639591901585e-02,2.616083624446883249e-01,3.359391654939097860e-01,2.845415847045881796e-01,1.396672394713687482e-01,-8.636763257451815501e-03,1.719521677537371174e-01,3.913124552730122552e-02,8.022892744755291683e-02,1.817514950332986823e-01,-3.462195619127975132e-02,1.929065382673805229e-01,1.439345317791032863e-01,1.387541872683242805e-02,1.618089479213782322e-01,-5.334091286225903228e-03,-2.138361337034960785e-02,8.000000000000000444e-01,1.626823971987143014e-01,-5.914914121948075532e-02,1.206519788538154558e-01,-3.232749571001072852e-02,-1.206503461854654957e-02,3.023963089619791100e-02,1.569370183754248416e-02,9.688465571502023754e-02,9.753681993506960191e-02,2.807569295801726206e-02,3.888442810030096064e-02,-3.020227382159991480e-02,8.047105055760840620e-02,1.051284675715620232e-01,5.765090153621224567e-02,1.047556748049973258e-01,6.018525150774652055e-02,-1.107705462817984432e-02,1.502577445035527814e-01,-3.947519466907925545e-02,1.646663203913212303e-02,8.044518402573611060e-02,1.057791367545604655e-01,-8.153929116167493718e-02,-1.633522510088711299e-02,3.054523938038561370e-02,-1.013148738785048242e-02,1.772551035390187157e-01,3.856204411228095208e-03,-2.614548915208891877e-02,1.024297253400820035e-01,3.835788242531340542e-02,5.296684193615047720e-02,2.141364567280022724e-02,-8.042600147324011073e-02,-4.061323342326933483e-02,3.045537600191716709e-03,8.813944691629013728e-02,8.906703804579335637e-03,-5.962284451807087216e-02,2.325013047922808163e-02,-2.327453531523318575e-02,2.743764989558145073e-02,-9.959442606407489795e-02,-5.517870890395792927e-04,3.370539919686463270e-02
-1.259049181757015967e-02,1.097973185004077479e-01,9.422941599072652552e-02,1.391677960320758523e-01,-2.100442665827791100e-02,1.025076237395797507e-01,6.669715028035308468e-02,-2.884140766126730426e-02,-2.799219625154911184e-02,2.658214348675297378e-02,1.893207053518776439e-01,-3.530662114702338983e-02,1.739796038411020040e-01,1.010954671320986598e-01,1.037766312749234671e-01,-1.744891454721411023e-02,-4.629032586094461443e-02,1.108298451483707980e-01,9.210156630315335935e-02,-1.522953414550378970e-01,-7.115376911584642139e-02,1.626823971987143014e-01,0.000000000000000000e+00,-3.630340941896459395e-02,1.334533883478130067e-01,-1.127735530527126939e-02,5.403906357516044534e-02,-2.700332801339870581e-02,-2.258125197867616452e-02,9.219421874004360418e-02,1.094498022812083610e-01,-1.822754890150833640e-02,1.648931392546526542e-02,-7.040172348030329652e-02,6.635593858292758440e-02,-3.737597988279373062e-02,4.030666219267495243e-02,5.117125482892845301e-02,6.033891142300401578e-02,-8.582254906472158718e-02,4.552192213321945569e-02,1.213715710801784031e-01,7.379933925591067312e-02,6.911541164205214915e-02,-1.570705929229105347e-01,2.931711190072262829e-02,5.029334870343590835e-02,1.037573158755208530e-01,6.967275645018622399e-02,-1.365619498876617932e-01,1.232634764509653591e-01,-4.850444996129828212e-02,-3.637238352041438638e-03,8.200187503409805956e-02,-1.431305464241279524e-02,6.087562385387126906e-02,1.890657510760077042e-02,-2.921704950313592369e-03,-1.427442189057565036e-02,1.199255679296198918e-02,-1.136059072324047126e-01,7.732842326623590168e-02,7.549016108945058590e-02,3.251394721371710095e-02,6.845961637177631898e-02,4.715123676308272116e-02,1.344870836752443122e-01,-1.319749625252682468e-01
