8.000000000000000444e-01,1.833696189143281252e-01,1.727848125646993804e-01,9.668564022277892356e-02,6.343287851869996996e-02,1.145761442928652923e-01,1.505534492289625770e-01,1.361864509462318573e-01,1.892699085689984184e-01,3.304866919568041350e-01,6.159715271468194087e-02,2.815013212988063396e-01,1.572843457670994871e-01,1.005162364432072714e-01,9.191783838616549018e-02,1.388172696497194103e-01,1.564166258610042715e-01,2.918281823509705220e-01,1.871725524459321999e-01,2.747283723779894160e-01,2.837629437202843774e-01,1.467546650887807669e-01,2.904437747042969836e-02,-1.749852338949112185e-02,7.400448063151837674e-02,1.924610638661258255e-01,-3.457085045590174710e-02,-1.073426059906064378e-01,4.093270087291542292e-02,-2.237227243866399262e-02,-2.547510218810072891e-02,1.137317480700299199e-01,8.345530267227474486e-02,6.685064838990120717e-02,2.688013999123661790e-02,6.880462554846608625e-02,2.759220959244085281e-02,1.259056775386546423e-01,3.365743190706191323e-03,4.436082202376282618e-02,3.469526418110557842e-02,-1.000636183950914804e-01,-1.788551443221977899e-02,8.512041887824157993e-02,-5.160828121589625117e-02,-1.158772513587703751e-01,1.411846168004988328e-02,1.000873089276951844e-02,3.351241782017116977e-02,2.573137017694540618e-02,4.560714750266432749e-02,-9.417114096138201607e-02,6.786099403144114917e-02,5.158857124873372779e-02,-3.957189554410132926e-02,4.337563521555809487e-02,5.558676741894198747e-02,3.547797555138719472e-02,-1.968064486510767708e-03,1.466884220042275477e-01,1.202250623694517129e-01,9.307485218604691357e-02,9.854131658317413778e-02,4.012113183035255493e-02,-1.316115814453722166e-02,8.096812376038255155e-02,-2.167090281524365614e-02,1.005799079204315327e-01
1.833696189143281252e-01,8.000000000000000444e-01,-2.807627566045715894e-02,2.783797717419228546e-01,3.235417499930859364e-01,1.274957178486408327e-01,1.381494981475206441e-01,1.473767176779345878e-01,1.085348060078210886e-01,1.361528563200456454e-02,3.168537664474391780e-01,5.014186622594929421e-02,2.158088163366485290e-01,1.717565803493955601e-01,1.436766141886454684e-01,2.457754505048298233e-01,2.436447478126664012e-01,8.669702550291483178e-02,3.167976873509920632e-01,1.847423896291580936e-01,1.212617083728601136e-01,1.254034261959484364e-01,-2.467649740607368025e-02,-4.611015693971001750e-02,-3.927930972259970066e-02,-2.703772257358486031e-02,-4.176227855907313491e-02,3.275953220187330373e-02,-5.029114724501325406e-02,-1.109310223766728221e-02,2.881263408206205523e-02,9.683417401249949652e-03,6.344789363573236085e-02,-2.691491538008848605e-02,5.748142283823749754e-02,-2.379323513444994709e-02,6.654769298543583567e-03,2.774707257150316186e-02,4.650758165267332434e-03,1.035163052979738568e-01,-7.811107782843423886e-02,9.079443507652903977e-02,-2.170797267413843157e-03,8.953154426933285226e-03,3.081126000978634538e-02,-1.129626615515630372e-02,1.947015682087002708e-01,1.677794260420845118e-02,4.544514607627817004e-02,-1.758499121474582649e-02,-1.193228478135982540e-02,3.236865569637176199e-03,-3.046169435637929856e-02,1.275646982536557117e-01,5.550895473447080286e-02,-3.141092133991624236e-02,8.667245612377318109e-02,9.272976241450017754e-02,5.796004672115074446e-02,-6.251011892081870247e-02,7.537393449427558234e-02,9.075474363694380209e-03,3.370083966917891694e-02,-2.060058721957124667e-02,-2.709966103413677385e-02,8.777214402875831156e-02,1.647654723581463976e-02,-6.690247247418341925e-02
1.727848125646993804e-01,-2.807627566045715894e-02,8.000000000000000444e-01,6.106231265170863898e-02,1.514827451684589710e-01,1.393852839815257205e-02,-3.310142219687851883e-02,1.597851292821050040e-01,2.633381779783804943e-01,3.168815226845670407e-01,9.313021876225449636e-02,1.942650781518405756e-01,1.888687124265007455e-01,1.555055636768219729e-02,6.923556586581308681e-02,2.394963291463124699e-01,-8.887072380831551044e-02,2.278117054896031946e-01,3.046040706424430478e-01,3.454754447484083557e-01,3.282185242098251132e-03,-8.574174171798254473e-02,7.560707662210000568e-02,4.649335592938187711e-02,1.398538894139680910e-02,1.290684244554679005e-01,1.112651661491678989e-01,1.286801858647937946e-01,-5.267840448197932957e-02,-1.071376049580255452e-01,6.155004437468830636e-02,4.062831608841310782e-02,9.889635593092108157e-02,1.126858902432934795e-01,-8.845197206778372678e-02,1.162691371647047445e-01,-2.800771941918678287e-02,-1.194649175552005976e-01,-2.549504078361465587e-02,2.189743058296725331e-02,-5.356525993565836030e-02,7.443094336321454119e-03,3.550285884825532534e-02,1.116110807072931421e-01,7.284317591815647752e-02,-5.742433159098354889e-02,-2.425685027239266045e-02,1.124145524654713846e-01,1.456625736149061434e-01,1.762914031675281989e-02,1.209752382765155038e-01,9.920445326148691345e-02,1.222642040698487254e-01,3.178500408250949094e-02,-1.549751408716334988e-02,1.722581547299392168e-01,-8.789694956151475336e-02,4.617473964603496794e-02,5.728834962511497597e-02,1.168630090404692845e-01,-5.562909829932602412e-02,5.781671513482308788e-02,-1.397497019421944930e-02,2.809179901695164905e-02,4.546347938887640439e-02,1.036233832052276260e-01,1.024784775754081778e-01,7.496069205868897967e-02
9.668564022277892356e-02,2.783797717419228546e-01,6.106231265170863898e-02,8.000000000000000444e-01,2.142263779869577056e-01,9.757763557486240358e-02,3.424610781199367154e-02,2.544786213929333130e-01,9.665957713107291294e-02,1.605744430597465244e-01,1.604504783579018823e-01,1.449147535170975387e-01,1.615857894783966908e-01,-4.117777637685401948e-02,3.753192611908775372e-02,4.160047990003253038e-02,-2.305703410209852811e-02,7.472117748865078624e-02,2.776766804841476755e-01,2.838546914240342445e-01,7.599638830101597409e-02,1.185059666903479636e-01,5.237272813422516604e-02,-1.164514104803095751e-01,-5.221652805895662941e-03,1.930402899783251192e-02,-1.028590589028140767e-01,7.078408045749028099e-02,8.468719749224359883e-02,7.576870908489802270e-02,8.244749228677850095e-02,6.965375055556519146e-02,6.989354122298085947e-02,2.208502704903540781e-01,4.136567758874443168e-03,-7.839813143741741763e-03,-1.425383791220072305e-02,-7.410054051195610891e-02,5.865627500379105852e-02,-6.887259152539146334e-02,8.798225978360393884e-02,-1.227798623614419077e-01,1.063452757364768964e-02,-6.738033684665330203e-02,-1.984643098250143955e-02,1.349412821684721486e-02,2.725567407305937162e-03,1.459325675007225320e-02,1.064036340965369559e-01,3.376654401980122566e-02,-6.577715178507934080e-02,-2.223022858223630549e-02,1.407454017899801291e-01,-5.389063881182210025e-03,4.227442425689631467e-02,9.801902979908001801e-02,3.048537545940865900e-02,-8.832986761611859305e-02,5.269194356287754122e-03,-4.372074500950379194e-02,-4.548363696082057678e-02,6.257680284718671049e-02,1.485678141019598220e-01,4.196480665795196408e-02,6.386223342537493408e-02,-9.875201298227584412e-02,-8.852959521860243042e-03,-5.317862201037842906e-02
6.343287851869996996e-02,3.235417499930859364e-01,1.514827451684589710e-01,2.142263779869577056e-01,8.000000000000000444e-01,1.871430857752203747e-01,1.361328182030374645e-01,6.714785996403210833e-02,1.621563114727407606e-02,1.135229286583959996e-01,2.473440313666297463e-01,2.016616801433165906e-02,1.708870257478052046e-01,1.262031122817583451e-01,8.944342939311450413e-02,2.060006580637013807e-01,1.389807523966148928e-01,3.225546319589238098e-01,1.292301971996011878e-01,1.257269115729895415e-01,1.716871912938994216e-01,1.805625708165222165e-01,6.181480889744321583e-02,2.248167547753859852e-02,-1.140180624196819731e-01,-3.480732841350908657e-02,1.365847264999627553e-01,-1.590923540712352313e-02,-8.394203648123904626e-03,4.076840278738892015e-02,-1.068494519958012035e-01,1.449379125333042639e-01,1.161943859045070915e-01,-3.920183710465025007e-02,6.773449088643926363e-02,5.564419234520856516e-02,-9.089263165988265003e-02,7.490157180600628961e-02,-6.539727761291441732e-02,-6.883509802866416560e-02,-2.985799874963916689e-02,4.174978988934328894e-02,7.311111944552828312e-02,4.063769071109421538e-02,3.645182840154927162e-02,-4.201389457898023483e-02,-2.956595395990802011e-03,6.605669719501300330e-03,-2.502699640781896884e-02,1.025818312225140194e-01,-8.418482942639314570e-02,1.165230266952955035e-01,1.029908129203144507e-01,3.271196587412772416e-02,-3.983828052778548567e-02,1.544343791254300102e-01,4.475135169365674487e-02,1.585395530895997163e-01,1.543054667140117964e-01,-1.020147217215848917e-01,1.368069898436655996e-01,5.518423204626744794e-02,4.606543116779965308e-02,-6.879110956196245186e-02,-4.317907076158920832e-02,1.263234982178167431e-01,5.915006857788962513e-02,1.295896501063582007e-01
1.145761442928652923e-01,1.274957178486408327e-01,1.393852839815257205e-02,9.757763557486240358e-02,1.871430857752203747e-01,8.000000000000000444e-01,1.862180136375481965e-01,1.823249486532994568e-01,2.594826597021987480e-01,4.186992408683745670e-02,2.414381552035741729e-01,-3.449061594912150586e-03,3.160548950408968438e-01,1.871631523120090290e-01,9.284407945116174288e-02,2.094804231000815808e-01,1.479264366152379939e-01,1.857867500571932506e-01,3.350526283389479443e-01,3.320067838180834618e-02,1.142185484761180092e-01,1.235846037767141248e-01,-2.758808441741213147e-02,9.458645342614374618e-02,-3.230176687622141052e-02,1.066063592244414215e-01,-1.044496181592741990e-01,5.420515932190181352e-02,3.372128297886939352e-02,-4.515671558524447793e-03,1.139279254834957011e-01,1.274650904229455706e-01,1.118692619984589104e-01,1.255599222400552439e-01,9.698220672154542199e-02,9.448145683104361425e-02,2.693662128673043887e-02,1.479393230003940019e-01,1.905173281897875048e-01,1.873220807093648466e-01,1.134281452358135156e-01,1.914311841389809699e-02,8.110874717864688388e-02,1.090864620197430912e-01,3.608624480073388541e-02,1.875791310639567389e-01,2.078630827672631187e-02,9.387463616566363300e-02,-1.320510653988554717e-02,-1.267095962651051955e-02,-5.587697836423655140e-03,1.153307104648018666e-02,-4.456175619700292190e-02,8.250400993963061258e-02,1.619205238684443271e-01,8.648032396121735355e-02,3.907081911600215895e-02,7.995639980079066733e-02,3.000012290221698574e-02,1.198594514481193807e-01,4.489304386098694200e-02,-2.017980869546331935e-02,1.896279918595891734e-02,4.936808786223020884e-02,3.203051384588262440e-02,6.001011547329300477e-02,9.857558006285890850e-02,-6.113050439184193607e-02
1.505534492289625770e-01,1.381494981475206441e-01,-3.310142219687851883e-02,3.424610781199367154e-02,1.361328182030374645e-01,1.862180136375481965e-01,8.000000000000000444e-01,2.515686104864983674e-01,1.217744776222436931e-01,3.852986929953074180e-02,2.136170487617193858e-01,7.696821315423785226e-02,1.541672400145978894e-01,4.297780126032089976e-02,2.523299326576051160e-01,3.310956534193401635e-02,-7.574557378585422551e-05,8.940086625216295269e-02,2.236913382498857406e-01,2.687695149175640674e-01,1.427732114811352815e-01,1.437675713138194811e-01,7.200066933509149947e-02,6.203712422832394213e-02,-1.687621875892839074e-02,1.357207225298157072e-02,-5.461089203165725436e-02,1.277118652135629806e-01,-1.209260372424580954e-02,1.184613411317075038e-01,1.702662733020798846e-01,5.519556411046350197e-02,-3.087813873467820658e-02,-9.720860374150375183e-02,7.119703989801895450e-02,1.044337651231068281e-01,4.693181037817326096e-02,-1.482015232072780853e-03,1.356795878726553273e-01,-4.908845376873127719e-02,4.061830989666573299e-02,1.563436150433580862e-02,7.991064958196392176e-02,7.556852928322516094e-02,7.288133528911786008e-02,1.293567715756657743e-01,4.579255490073584622e-02,9.141394167494165668e-02,9.491613203380544483e-03,1.272360770739668356e-01,1.367411017076392565e-01,-4.877857594067462610e-02,3.719662670019457940e-02,-7.182619250373294129e-02,2.256491043786879036e-02,-1.347330970834555441e-01,-5.433367155782750646e-02,6.798466745605975803e-02,1.113985813303845496e-01,8.296435451429293173e-02,1.109945401202765830e-01,1.262367482691131859e-02,1.155478818328594948e-01,-1.259993614239388604e-01,-1.497771620031945750e-02,-7.818816876759004941e-04,-6.405852892810856569e-02,-3.031569637868533618e-02
1.361864509462318573e-01,1.473767176779345878e-01,1.597851292821050040e-01,2.544786213929333130e-01,6.714785996403210833e-02,1.823249486532994568e-01,2.515686104864983674e-01,8.000000000000000444e-01,1.958158333037562926e-01,1.100482261985537003e-01,7.552536337372667274e-02,2.766015189486016324e-01,1.997862877178597785e-01,2.676133430387085954e-01,1.053271473210452558e-01,2.480971684116840548e-01,2.965290913368133774e-01,2.617969240437152956e-01,1.822836572695265833e-01,1.140298524555861809e-01,1.598458700408412203e-01,8.124518285055926103e-02,-4.396818764597905382e-02,-3.138285377200444870e-02,-1.180111530922893365e-01,-6.139700935523453168e-02,-2.246681330673801213e-02,-4.625763146146402716e-02,-8.431529328389247846e-02,-1.518121513454570581e-02,-1.016233257522021899e-01,9.867231662982450802e-02,7.179453074618741271e-02,4.737535735592218744e-02,1.822146208640202936e-01,6.705643819720996657e-02,7.583913905879569040e-02,1.343297921768094594e-01,8.632375299916422717e-03,1.615321244500167175e-01,8.975166794300720730e-02,1.010259921954046319e-01,3.453298019604771063e-02,-5.179406929195315423e-03,-1.034806922951088948e-01,7.248562153517629225e-02,-1.060129870617319836e-01,-1.594456701584429092e-02,1.036922200879866612e-01,1.149327787100946630e-01,5.900974317356577625e-02,3.912200759225306634e-02,-9.304578600854028492e-02,-5.733904097989191151e-02,-3.006015959648108971e-02,1.411126747183582830e-01,-8.066308543483761972e-02,8.677926952102008040e-02,-3.175810786063394675e-02,-1.604667255568227591e-02,1.499398690091163777e-02,-4.164891670295244736e-02,-9.802578210764148481e-02,-9.494273193223795593e-02,-3.580183479388016066e-03,1.338675527838621981e-01,8.383707891781805310e-02,-4.509492054113284354e-02
1.892699085689984184e-01,1.085348060078210886e-01,2.633381779783804943e-01,9.665957713107291294e-02,1.621563114727407606e-02,2.594826597021987480e-01,1.217744776222436931e-01,1.958158333037562926e-01,8.000000000000000444e-01,1.827323820159458545e-01,1.566528749505246842e-01,1.417553619711237611e-01,1.667693900366812865e-01,1.265665679409118116e-01,5.197456603484154614e-02,2.035314154301601230e-01,1.368319250884730831e-01,4.809685095966111101e-02,1.120410433568960196e-01,4.921833244946718922e-02,6.385867132308162275e-02,1.825030892186808029e-01,4.855220210168600947e-02,-8.270328823240082061e-02,4.548676115316430124e-02,5.222961763509677280e-02,-1.424257361200617633e-02,-2.986392321653480453e-02,4.032874819855492010e-02,6.758229388614239719e-02,6.380467497759614859e-02,3.757222238959975757e-02,-3.338893883823967901e-02,8.984664528280345008e-02,3.226571621180206184e-02,1.346392306840275555e-01,-3.458650261160822748e-03,-4.203048779720858219e-03,-1.344432195371575434e-02,-1.983367078173653431e-02,4.184871691853528364e-02,4.572599097211235697e-02,8.519461449418617993e-02,8.618211483552865038e-02,-6.059078119991750944e-02,2.622188138301839722e-02,1.626465752288935862e-02,7.111034350253536696e-02,3.324309510214445984e-02,4.276797552544309156e-02,5.819888227198902197e-02,7.846285594701835064e-02,4.890718236121810447e-02,8.010310353182698018e-02,1.887336221592716967e-02,1.134642220747081043e-01,-3.626212778263290804e-03,-3.077284412847616779e-02,-4.888934076896157138e-02,-1.133278222304799215e-01,5.606239922814369725e-02,1.320736263342141836e-01,4.917999394053439166e-02,-8.321311736690524541e-02,-2.073332381482247133e-02,-2.340306411840571699e-02,1.060694829060481459e-01,-1.048199682771132346e-02
3.304866919568041350e-01,1.361528563200456454e-02,3.168815226845670407e-01,1.605744430597465244e-01,1.135229286583959996e-01,4.186992408683745670e-02,3.852986929953074180e-02,1.100482261985537003e-01,1.827323820159458545e-01,8.000000000000000444e-01,1.760272794619869297e-01,1.468246708860220240e-01,1.058976126147532781e-01,3.796756880461341077e-02,2.191511703068838024e-02,5.153575287460378240e-02,1.501753778920690285e-01,3.080556466960335249e-02,3.125933025303938573e-01,1.775277789886926250e-01,2.044988999863947554e-01,1.301256452403218578e-01,1.215073502819195711e-01,-9.224115840504597263e-02,3.775990960991681966e-03,2.750607080082556610e-02,-3.611254289489729263e-02,5.214168697565946253e-02,7.193407345528159136e-02,6.582617348776588495e-02,-1.450342835710950393e-02,1.001705263276919666e-02,-4.548713160762885011e-02,-3.457239879054509191e-02,-4.348982601166107020e-02,4.993681528617729959e-02,-3.959425225048993080e-02,-4.181660138071302546e-02,1.056729631263082780e-01,5.091852435194184345e-02,-7.431983145079093522e-02,8.589834429427090079e-02,-4.090025583753492677e-02,-6.322878917700963664e-02,-7.432503025764092275e-04,2.093568118608653272e-02,-3.927702465312982172e-02,2.199753266648067918e-01,6.773880920419325657e-02,5.606232875365667334e-02,-2.300521199398676553e-02,1.054552537602415629e-02,1.058563400676232336e-02,1.324599685087413659e-01,6.435823206956262088e-02,4.435905894999073174e-02,1.786590238572761946e-02,1.543065080187722704e-01,8.032486212819903160e-02,-2.375105672963911951e-02,3.163060652298033126e-02,8.535116137516461643e-02,-3.789652150195191305e-02,3.203905715221583295e-02,8.638813428498640090e-02,-3.892081548301196126e-02,1.536626591150330179e-01,6.616545444631750927e-02
6.159715271468194087e-02,3.168537664474391780e-01,9.313021876225449636e-02,1.604504783579018823e-01,2.473440313666297463e-01,2.414381552035741729e-01,2.136170487617193858e-01,7.552536337372667274e-02,1.566528749505246842e-01,1.760272794619869297e-01,8.000000000000000444e-01,1.999496336425918008e-01,7.065902874956042634e-02,1.601334476465391954e-01,2.233634092194254628e-02,-2.316298100366389473e-02,1.019811279980073065e-01,1.776110645335869376e-01,2.890667653686866401e-01,2.428815110196929639e-01,2.075063798508355317e-01,9.190348773260463566e-02,1.071492638482722248e-01,-3.765668654665935144e-02,-2.353683869135514417e-02,8.534757125715974890e-02,-4.901898973696310058e-02,-2.272043999573825079e-02,6.845467309417074819e-02,5.015367364201333417e-02,1.173028858215899584e-01,3.735100524157708435e-03,1.146697759443324055e-01,4.199355184499545257e-02,1.314828411976223799e-02,7.009870524422323612e-02,-6.524221587533649003e-02,1.094051117797145145e-01,8.816272348666928660e-02,-5.063017913629982991e-02,1.086832268485501130e-01,2.303853525938689972e-02,8.294806567512087725e-02,4.090080207741200735e-02,5.664014823339805216e-02,9.227065124383616868e-02,2.430318920153663464e-01,-3.816636920734668703e-02,8.985768296460368287e-02,-3.799253713249876874e-02,1.011233419003673278e-01,7.426379376079242367e-02,-7.555916075727711623e-02,-4.175024766222004691e-02,-1.623841311637372609e-01,3.513926081306018023e-03,1.027354227603916592e-01,-1.242563282258696278e-02,-2.074612237454907804e-01,1.202626162402401361e-01,6.092152411082060737e-02,-4.040523420447691971e-02,-4.264999743947500699e-02,-2.230964533111426396e-02,-1.578424065543628518e-01,7.267913929870151168e-02,-3.764499688073666417e-02,-1.004434539094851975e-01
2.815013212988063396e-01,5.014186622594929421e-02,1.942650781518405756e-01,1.449147535170975387e-01,2.016616801433165906e-02,-3.449061594912150586e-03,7.696821315423785226e-02,2.766015189486016324e-01,1.417553619711237611e-01,1.468246708860220240e-01,1.999496336425918008e-01,8.000000000000000444e-01,3.198454931862491635e-01,2.104329599642462689e-01,1.639675950510350866e-01,3.344066178179425641e-01,6.933773775288190611e-02,2.713357019537675496e-01,3.125710826382477325e-01,2.373670824106871025e-01,2.600371608301624282e-01,9.889265909809086263e-02,1.171009881200150426e-01,8.657680380226476236e-02,4.904209756663145681e-02,-3.723466243803097431e-02,1.134741323346648428e-01,9.531842203662072022e-03,-4.570265413742422012e-02,-6.559671619075921334e-02,1.692651798210073610e-02,-7.692691983148185197e-02,7.774207211078548729e-04,-5.227121861373745793e-02,1.750016357272117795e-01,-8.521349609773112843e-02,4.198719719759713698e-02,6.811757432812468038e-02,2.822051221648169683e-02,-9.074069962578748538e-02,6.243740838353517564e-02,-6.553199093118770857e-02,3.763155321013600396e-02,2.898377994540024538e-02,-8.840434595400167850e-02,5.972971894012005234e-02,3.288494651331339003e-02,1.730657315394626417e-01,-1.075712210160914839e-01,-4.691463587809363567e-03,-1.585465710534994521e-02,-2.483314883145008867e-02,1.690947339787667036e-01,1.489571280041759038e-01,-5.001773009687447702e-02,8.196951386344464296e-02,1.033921394222217516e-01,-6.561655370889196703e-02,2.604796330949342431e-02,5.407536440874685657e-02,1.627297039388830857e-01,6.036352711440408358e-02,8.800445266927650612e-02,-2.078174159593418335e-02,5.114318713097776303e-02,4.597892190505534216e-03,-3.468306619760863629e-02,4.808219813180561464e-02
1.572843457670994871e-01,2.158088163366485290e-01,1.888687124265007455e-01,1.615857894783966908e-01,1.708870257478052046e-01,3.160548950408968438e-01,1.541672400145978894e-01,1.997862877178597785e-01,1.667693900366812865e-01,1.058976126147532781e-01,7.065902874956042634e-02,3.198454931862491635e-01,8.000000000000000444e-01,1.423065797503104690e-01,-3.168705019972573034e-02,3.844870565843358512e-02,1.397205880081824614e-01,1.218907013322129140e-01,-4.252947842896174363e-02,1.882315291131811119e-01,2.178014812199332018e-01,1.914610718186557925e-01,-3.999746708946029516e-02,-3.083065061940988560e-02,1.183033597915356117e-02,5.909529624498088829e-03,-4.274367945284453935e-02,5.251686928545286348e-02,4.938277268762798766e-02,-6.494325354501112590e-02,3.873373961646352226e-02,-1.340964842401593526e-01,-4.592314868795412119e-02,-8.422359070986489005e-02,1.382628665537307955e-01,4.335320863185168627e-02,2.047752565382618406e-02,3.909864599010226538e-02,1.269982589782357729e-01,6.997369427352678750e-02,-2.042240613045261111e-02,-1.008286543120798240e-02,7.594531273798424409e-02,-9.739503647981563594e-02,8.569336966178345283e-02,4.970500416549469835e-02,-6.433552264090311446e-02,-2.156378556306237648e-03,1.552524022377832491e-02,6.088242097411350473e-02,-6.954477982997017693e-02,-1.916835152888873850e-03,-5.196650235776406612e-02,-2.926134771153951486e-02,1.143450793838961810e-01,1.717861062248454695e-02,-8.166052083087416147e-02,1.295552377728399762e-01,1.419164420440723051e-02,-3.026494487522774640e-02,-9.240165257014008870e-02,4.821661966462553739e-03,1.814323771028330534e-01,-1.529928077852310553e-02,9.950777266008725697e-02,-3.065071455356432883e-02,1.939221164641380946e-01,6.825139622686440810e-02
1.005162364432072714e-01,1.717565803493955601e-01,1.555055636768219729e-02,-4.117777637685401948e-02,1.262031122817583451e-01,1.871631523120090290e-01,4.297780126032089976e-02,2.676133430387085954e-01,1.265665679409118116e-01,3.796756880461341077e-02,1.601334476465391954e-01,2.104329599642462689e-01,1.423065797503104690e-01,8.000000000000000444e-01,7.574606320319357544e-02,1.385692659040616004e-01,1.771727884283024468e-01,-7.474015573431969095e-03,2.924364353876279798e-01,1.666015957736563524e-01,9.741075531804689602e-02,2.441443119091399883e-01,1.682308280655931132e-01,3.309466189611134923e-02,1.028170152116352626e-01,3.967365917750015347e-03,9.791353583353333556e-02,9.336456723060077012e-03,3.462999388553258950e-02,-3.541231443454911920e-02,7.356863757415094129e-02,-2.848893339495980892e-02,5.593563933158351986e-04,-1.510322943618654656e-01,1.388692860570726606e-01,-4.046524846451449164e-02,4.926762827972566705e-02,-1.225249782854580527e-01,-4.855425455936983326e-02,-5.138051390372055938e-02,4.704301837939126041e-02,-6.505247985153735091e-02,8.027817033043330164e-02,-2.344013185623966544e-03,-1.261694945776564714e-02,3.215985258410405945e-02,-7.479237736218223576e-02,5.184026094297976284e-02,-8.636396881272181969e-02,-2.279401254334265103e-02,-7.141494677988266537e-02,9.288331212162959094e-02,3.216762092162822606e-02,6.953805983180333383e-02,9.196440456971363697e-02,1.364748706544952062e-02,-1.146136508978884416e-02,2.650952994911995320e-02,-4.070487455460902737e-03,-1.058465602226971169e-02,4.313884693411879079e-02,-5.392957044854557180e-02,1.333165981313474413e-01,-6.723861136955289197e-02,-5.278862887649737184e-02,1.178377274302962185e-01,-5.886978055524461073e-03,2.803640113734048867e-02
9.191783838616549018e-02,1.436766141886454684e-01,6.923556586581308681e-02,3.753192611908775372e-02,8.944342939311450413e-02,9.284407945116174288e-02,2.523299326576051160e-01,1.053271473210452558e-01,5.197456603484154614e-02,2.191511703068838024e-02,2.233634092194254628e-02,1.639675950510350866e-01,-3.168705019972573034e-02,7.574606320319357544e-02,8.000000000000000444e-01,1.917096139690858680e-01,2.196279118562829424e-01,1.889012525739429127e-01,6.471179944501188885e-02,1.797029878090160016e-01,-2.024107581681204582e-02,1.374612678155704981e-01,1.914172746590399321e-01,-3.863410913773304700e-02,2.438273639281855754e-02,-1.913190839772599405e-02,-6.667417789399582295e-03,4.823217049459524453e-02,-3.728625455970152602e-02,1.013063713848350172e-01,1.522424939075327777e-01,4.408359677167700275e-02,8.911744558084538914e-02,6.167416631953942519e-03,-5.381220133588147936e-02,4.016209247863092302e-02,6.322286398257306872e-02,3.377973442749038213e-03,1.060434060662467093e-02,-7.736489378959078567e-02,1.563215474090949297e-01,1.004058170821578583e-01,7.196913174983221584e-02,5.100430646221398856e-02,-8.177269948856653869e-02,1.523794473593382270e-01,1.241989872582033305e-03,-9.736312187428720899e-02,-6.099124639328173947e-02,-8.475625708975660644e-02,1.523346886115559129e-02,6.372382692356656775e-02,5.138238026305927408e-02,4.221860587816078647e-02,-3.936855597381465344e-02,8.899887522062771561e-02,3.831660256288671462e-03,1.458293650929822494e-01,2.590801540973927675e-02,2.679089687545510579e-02,1.068574210306700578e-01,-5.182403714629019165e-02,-3.619220894057291471e-02,3.106367521602829140e-02,1.022057630300057807e-02,7.323870225351743202e-02,6.282088982195009608e-02,4.554163061823240932e-02
1.388172696497194103e-01,2.457754505048298233e-01,2.394963291463124699e-01,4.160047990003253038e-02,2.060006580637013807e-01,2.094804231000815808e-01,3.310956534193401635e-02,2.480971684116840548e-01,2.035314154301601230e-01,5.153575287460378240e-02,-2.316298100366389473e-02,3.344066178179425641e-01,3.844870565843358512e-02,1.385692659040616004e-01,1.917096139690858680e-01,8.000000000000000444e-01,2.141346609685508273e-01,-4.477205546665249947e-02,1.293488525562089264e-01,-1.376142899124599417e-02,1.709758241038591975e-01,1.781702363697638125e-01,-2.129556255750052751e-01,1.945905484638832394e-02,1.002465772757734075e-01,-3.554661209915432885e-03,2.978655770835958450e-02,1.284414628406554959e-02,8.373270909526975281e-02,1.805785723679456667e-02,1.693937147119218278e-01,4.386018999638169324e-03,4.809313312240509619e-02,1.450731102936460015e-01,1.421101937677387850e-01,-2.689897761298265522e-02,1.224660558225962453e-01,1.399214431178102958e-02,3.702158323770511628e-02,8.469159588115662829e-02,1.005673358715135218e-01,5.182399110143212639e-02,-4.524247360926278438e-02,-4.664936676443903751e-02,-3.497233689710131654e-02,4.460017466837969125e-02,1.124263293981446060e-01,2.867609779235212597e-02,-1.077756701222238322e-01,-4.758610067782334530e-02,1.067324305994269418e-01,-6.108752472088266328e-02,1.351408072808470695e-01,-7.680407203798919613e-02,3.244342570523199576e-02,8.689063428869682471e-02,9.611881033688465803e-02,1.177999873068902997e-01,1.541539556890650642e-01,1.805007361228445906e-02,3.187549001789675984e-02,-1.182680257407467683e-01,8.941694258019228236e-02,-2.054340150923898711e-02,-3.694672878826264772e-02,3.234230442072064809e-02,3.009594688460526246e-02,8.345307142542748857e-02
1.564166258610042715e-01,2.436447478126664012e-01,-8.887072380831551044e-02,-2.305703410209852811e-02,1.389807523966148928e-01,1.479264366152379939e-01,-7.574557378585422551e-05,2.965290913368133774e-01,1.368319250884730831e-01,1.501753778920690285e-01,1.019811279980073065e-01,6.933773775288190611e-02,1.397205880081824614e-01,1.771727884283024468e-01,2.196279118562829424e-01,2.141346609685508273e-01,8.000000000000000444e-01,1.512290611687475139e-02,3.088133383970029788e-01,5.306087176774693104e-02,6.146559333941446768e-02,6.083886063021140544e-03,1.315625051012575542e-01,-1.733421671306328848e-02,-4.796831006956783772e-02,4.316048768665094182e-02,-3.429327040982549368e-02,1.009366837520039861e-02,6.907053944804944501e-02,-5.566418131667336122e-02,-1.119781670910352522e-01,1.432558609910205838e-01,1.267905701220481685e-01,7.529859726807210107e-02,-6.575426799194872274e-03,3.469985843013739801e-02,1.170362069622336298e-01,-6.318146149127355782e-02,-1.416729791771752234e-01,2.617508328975115539e-02,2.806139429216474718e-02,2.026597424362238109e-01,-6.942005803039801026e-02,9.136912936127422613e-03,1.680011415196747127e-03,6.616752776296913607e-02,5.985676468096085001e-03,1.100061689490998695e-01,3.469324966432257851e-02,1.760025562184058812e-02,1.044335602998874291e-01,1.080509775779872617e-02,-1.079050136268008830e-02,1.170156393772347342e-01,-4.674047291907122703e-02,8.772974700714061824e-02,-8.602054791008620360e-02,1.584177304522968455e-02,-3.562503095282387733e-03,1.318107697524964761e-01,-1.113103649601709932e-02,-7.580775972201705959e-03,1.595402999642491493e-01,6.532885015379710780e-02,-7.888313773794058958e-02,4.405595825661101639e-02,2.796449640586062824e-03,4.227221654064033940e-02
2.918281823509705220e-01,8.669702550291483178e-02,2.278117054896031946e-01,7.472117748865078624e-02,3.225546319589238098e-01,1.857867500571932506e-01,8.940086625216295269e-02,2.617969240437152956e-01,4.809685095966111101e-02,3.080556466960335249e-02,1.776110645335869376e-01,2.713357019537675496e-01,1.218907013322129140e-01,-7.474015573431969095e-03,1.889012525739429127e-01,-4.477205546665249947e-02,1.512290611687475139e-02,8.000000000000000444e-01,4.996896581315288244e-03,-1.666475092521653434e-02,6.851146760221545062e-02,1.975816028373227895e-01,-4.946666286744375030e-02,5.239299620191043005e-02,1.081624048816343941e-01,-3.935192663254581669e-02,-8.403416421290738070e-02,5.313614406446842686e-02,-4.417450776192637096e-02,3.412090350312263487e-02,1.109158925311249655e-01,1.425446952008509460e-01,1.422564779368940546e-01,-2.095075250795616628e-02,-1.720788420781449446e-02,-5.344315494780885190e-02,2.396074665667546899e-03,2.979915603412894298e-02,3.092530359446610255e-02,-7.396283944711876113e-02,-6.150300333233016392e-02,-4.929356917232510793e-02,6.677590246977135879e-02,-5.785255279132585360e-02,2.274732510113211537e-02,1.834594787115982062e-01,5.497475014256333892e-03,-6.423736837677353206e-02,1.288966332790445479e-01,4.396185802117258401e-02,-8.641895164152346709e-02,4.884886493778030359e-02,-5.325028815297490337e-02,1.592362791014322321e-01,9.298255073538144733e-02,1.072630237353005001e-01,-5.903176392374501202e-02,-6.747649571973030058e-02,-8.222799463603971959e-02,7.464415547026559405e-02,1.513040154035509288e-01,-7.802239844765884724e-02,3.415744696372546851e-02,8.297289242041379353e-02,8.911746204234505253e-02,9.008182376419872350e-02,2.100753563309780692e-01,1.216871415855947797e-01
1.871725524459321999e-01,3.167976873509920632e-01,3.046040706424430478e-01,2.776766804841476755e-01,1.292301971996011878e-01,3.350526283389479443e-01,2.236913382498857406e-01,1.822836572695265833e-01,1.120410433568960196e-01,3.125933025303938573e-01,2.890667653686866401e-01,3.125710826382477325e-01,-4.252947842896174363e-02,2.924364353876279798e-01,6.471179944501188885e-02,1.293488525562089264e-01,3.088133383970029788e-01,4.996896581315288244e-03,8.000000000000000444e-01,9.460365043196630741e-02,5.325435431010078213e-02,2.620356372404205603e-01,-1.177975563532389913e-01,1.093682275104960189e-01,6.615150061624808231e-02,-4.306699533182126172e-02,-2.382190131567041291e-03,1.482948119550375754e-01,-2.058536756217385633e-02,-2.357608954719830896e-02,-1.335657595194064406e-01,1.263652968987223346e-01,1.120628037522784781e-01,8.662450032106956688e-02,4.478303320974214019e-02,1.529036126842048260e-03,1.446310520051583004e-02,6.587591188746308446e-02,1.406548191520595736e-01,-2.822321630342680687e-02,-1.007664206721390621e-01,-7.802279422790642238e-02,4.754706548717976822e-02,1.364579442068601933e-01,4.512819116325589297e-03,-2.443999433996481285e-02,-9.945454385370314232e-02,1.230986498243369365e-02,-2.406773916126048185e-02,1.152368357327119425e-01,-6.056097411558530874e-02,1.041535817027219313e-01,-2.892108401601917178e-02,4.171194453746102093e-02,4.580953329847717304e-02,8.577515730275525607e-02,8.815418972563013322e-02,4.070412930591615908e-02,1.461106275489088557e-01,1.074967367233306409e-01,1.445223491335441146e-01,-4.919003590586985830e-02,7.227049353791006880e-02,1.915163824858827912e-01,-2.626130744944635276e-02,6.200064033784841167e-03,1.345121920321149522e-01,1.438331874248829079e-01
2.747283723779894160e-01,1.847423896291580936e-01,3.454754447484083557e-01,2.838546914240342445e-01,1.257269115729895415e-01,3.320067838180834618e-02,2.687695149175640674e-01,1.140298524555861809e-01,4.921833244946718922e-02,1.775277789886926250e-01,2.428815110196929639e-01,2.373670824106871025e-01,1.882315291131811119e-01,1.666015957736563524e-01,1.797029878090160016e-01,-1.376142899124599417e-02,5.306087176774693104e-02,-1.666475092521653434e-02,9.460365043196630741e-02,8.000000000000000444e-01,5.022404475145152841e-02,2.179482436970363313e-01,8.760285813868859406e-02,8.575814133177997456e-02,1.174257260320125118e-01,4.956098562154846732e-02,-1.175452200239872902e-01,-2.283119319224996557e-02,8.353287192886478529e-02,1.121131049801053492e-01,-4.024844151006898296e-02,-3.079891793598740768e-02,6.143363113955707666e-02,4.532266384854655161e-02,1.025796604465265549e-01,7.585270091483353738e-02,-5.826716785617414018e-05,2.649955081688248892e-03,7.461244711893200154e-02,5.141681078166920882e-02,4.673102199845066695e-02,-4.758077322850115531e-02,-2.829299737135884674e-02,-1.115633031103682726e-01,1.243893673594628491e-01,-2.065330920263480641e-03,7.054477159998973068e-02,7.181323130643191277e-02,1.402931559766376068e-01,-8.461887129859346768e-03,5.849150651430465309e-02,-1.723097663607670027e-02,6.284367928757561561e-02,-5.609734081917408521e-02,-2.856721488703314882e-02,2.371997968733416395e-02,-7.393240408612859749e-02,6.904174869873673515e-02,4.968685997157901157e-02,-1.311261166310507820e-01,2.698511641830120267e-02,-1.021739219983980873e-01,-5.381079746617641046e-02,9.617952162501453017e-02,3.501673264985843970e-02,6.112850502092390115e-02,8.246391347805816230e-02,5.878699830307260177e-02
2.837629437202843774e-01,1.212617083728601136e-01,3.282185242098251132e-03,7.599638830101597409e-02,1.716871912938994216e-01,1.142185484761180092e-01,1.427732114811352815e-01,1.598458700408412203e-01,6.385867132308162275e-02,2.044988999863947554e-01,2.075063798508355317e-01,2.600371608301624282e-01,2.178014812199332018e-01,9.741075531804689602e-02,-2.024107581681204582e-02,1.709758241038591975e-01,6.146559333941446768e-02,6.851146760221545062e-02,5.325435431010078213e-02,5.022404475145152841e-02,8.000000000000000444e-01,2.230368285863598143e-01,5.340935605242067008e-02,7.274705464485764494e-02,4.018603828092624786e-02,-2.216981186101903145e-02,1.990857070565460463e-02,4.631904121199123536e-02,1.409376534836297434e-01,7.716439391616550236e-02,-2.512877215479622506e-02,8.494889271868424907e-02,1.257354079201540575e-02,1.310560391332943331e-02,4.383167702108968500e-02,-1.363653625037604122e-01,1.379094645233464034e-02,-1.108773798182983716e-01,1.943900055568836827e-02,2.688926679978684287e-02,-1.207545570366192755e-01,9.581475292740671001e-02,-2.650375417602768291e-03,6.647172703438966601e-02,-2.706072503891375491e-02,7.435401699333266112e-03,1.741655198094088641e-02,-1.031481552296477644e-01,4.163489403560224900e-02,6.871270118223415935e-03,8.174243651698379076e-02,-7.628804292883491212e-02,-3.136060728408066045e-02,7.898120241446503209e-02,-7.415006975153737301e-03,6.680639382514608204e-02,-1.099361136421806856e-01,-1.206251806269453830e-02,-1.087121711090618947e-01,-2.146476988469539493e-02,-6.291546874572881420e-03,3.800610998809039742e-02,5.786863614521157995e-02,1.236543890658527295e-01,7.251014324454542470e-02,5.597479482383696525e-02,7.947118217538026719e-02,3.832435965948560730e-02
1.467546650887807669e-01,1.254034261959484364e-01,-8.574174171798254473e-02,1.185059666903479636e-01,1.805625708165222165e-01,1.235846037767141248e-01,1.437675713138194811e-01,8.124518285055926103e-02,1.825030892186808029e-01,1.301256452403218578e-01,9.190348773260463566e-02,9.889265909809086263e-02,1.914610718186557925e-01,2.441443119091399883e-01,1.374612678155704981e-01,1.781702363697638125e-01,6.083886063021140544e-03,1.975816028373227895e-01,2.620356372404205603e-01,2.179482436970363313e-01,2.230368285863598143e-01,8.000000000000000444e-01,1.075093716417564182e-01,-2.788906276468541834e-02,7.303433033600011115e-02,8.809255914452768232e-02,-5.156523004937016430e-02,9.420062799449299695e-02,3.590557361190924168e-02,1.982485050624652190e-01,7.067653700717303755e-02,-6.756461223037865671e-02,1.211975825033309861e-01,8.404076709708846460e-02,8.682378940665924638e-03,7.636337910500912152e-02,1.344401822204788766e-01,-4.570513783876111596e-02,-8.600594514749690389e-02,2.304919047562067891e-02,-1.689654134965895560e-02,2.058609467921673764e-02,1.376725976381261429e-02,1.431699002107076346e-01,3.302391670048920869e-02,-6.608786497266555537e-02,1.228367581530998009e-02,3.868707873848917234e-02,3.815038461279138260e-02,-7.196889816455692701e-02,-1.529234740147791816e-01,8.103512116039866819e-02,-1.328245336637848273e-02,-1.836109111543066108e-02,-5.162025323675775712e-02,1.103486848352925875e-01,7.798840278285018579e-02,1.025016422250226711e-01,6.156598112311503779e-02,-8.046455923298861945e-03,9.558023200311047129e-02,4.266135242081034451e-02,-9.514710619300537076e-02,-2.788500462150228509e-02,-3.842519072679151382e-02,1.511578713550277286e-01,1.830244376279946406e-02,7.375722823322607147e-02
2.904437747042969836e-02,-2.467649740607368025e-02,7.560707662210000568e-02,5.237272813422516604e-02,6.181480889744321583e-02,-2.758808441741213147e-02,7.200066933509149947e-02,-4.396818764597905382e-02,4.855220210168600947e-02,1.215073502819195711e-01,1.071492638482722248e-01,1.171009881200150426e-01,-3.999746708946029516e-02,1.682308280655931132e-01,1.914172746590399321e-01,-2.129556255750052751e-01,1.315625051012575542e-01,-4.946666286744375030e-02,-1.177975563532389913e-01,8.760285813868859406e-02,5.340935605242067008e-02,1.075093716417564182e-01,0.000000000000000000e+00,-1.752041154297666326e-01,8.286312673409465535e-02,1.807671564453833257e-02,1.054525456621905610e-01,-4.238510127388118998e-02,6.488787220337700890e-02,-1.690476192453337356e-01,3.342255410991201714e-02,-1.273321957913521596e-02,-7.438549468106497864e-02,9.411002996433714962e-03,9.687167788274975155e-02,4.472393235090116326e-02,4.921765736634926142e-02,4.166850855331313830e-02,-1.717815941402145441e-02,-4.245583667231783709e-02,1.962603555114438292e-01,3.817978318168092911e-02,6.057463873857943382e-02,1.697377200822464682e-01,7.263474573940492673e-02,-4.479308097347914353e-02,2.953697523339489373e-02,4.757086327051826546e-02,9.165139742347046259e-02,-7.454256861877854579e-02,2.582274721082566948e-02,4.635815754028534130e-02,3.197091325407244722e-02,5.484841525746555341e-02,4.727764642872744894e-02,7.908717236277970630e-02,-5.407011464781114052e-02,1.142688706747446714e-02,5.976611646894081087e-02,1.427035085850685281e-01,9.227546489853817591e-02,-1.053388916517762064e-01,1.667933936206771051e-02,-1.730651120079168548e-02,9.206638585971237132e-02,-2.805069376486896138e-02,7.583707862102027908e-02,1.718272884441963688e-01
