6.999999999999999556e-01,9.966072573896699038e-02,8.257181725764015101e-02,4.969567761612576212e-02,1.265429641026515617e-01,1.090360754807748606e-01,7.430283356268757577e-02,1.404761506049180542e-01,1.100915439970752419e-01,1.000966045739644927e-01,1.355808217881264710e-01,4.074831847670513235e-02,8.406751871580403490e-02,9.294341748103564227e-02,8.757846034646318834e-02,7.141757374382592949e-02,3.953993572053699640e-02,5.957129506157923110e-02,5.853700784872298973e-02,1.004387048793206755e-01,4.489940874961345640e-02,8.341585996108875911e-02,6.173498954557087720e-02,1.509436455723728310e-01,1.678437627935133181e-01,8.990118400532365328e-02,1.634947156156342785e-01,1.389161827514066028e-01,1.468199016659600120e-01,1.103966156686080058e-01,1.001882457077515193e-01,1.054804687429935217e-01,9.696106355065758908e-02,6.101848206178822620e-02,9.259802336985971383e-02,9.612423332644101648e-02,9.460401364621270903e-02,6.980174125381918837e-02,1.190635516924910542e-01,7.353189500065422657e-03,5.491079671983503663e-02,1.768068633812213686e-01,1.909951620941399142e-01,1.198539109292926369e-01,1.305397146530553332e-01,1.889543920497790686e-01,3.569690714736020037e-02,2.104576288672692364e-01,1.141564237086766798e-01,1.094396307070027163e-01,1.230225029137454323e-01,2.130786744681049671e-01,1.206778290990965924e-01,1.663037345148303814e-01,1.598120086061454170e-01,1.057516741404381788e-01,1.212417396345697035e-01,9.228854721509209547e-02,1.631439469824823019e-01,1.045572764274194655e-01,1.187698336203527327e-01,6.413328449891975147e-02,1.547956162365138610e-01,1.207496330485621633e-01,1.388383789096316323e-01,8.514892103731473705e-02,1.070279889382235727e-01,5.553626180512821059e-02
9.966072573896699038e-02,6.999999999999999556e-01,3.838323593266023542e-02,1.057759242749833906e-01,6.233774144087026597e-02,2.876170146906360803e-02,9.323548691140870481e-02,1.297026629529782760e-01,1.456680252019464106e-01,1.521540151940098395e-01,3.614436916639829356e-02,1.119130604520335026e-01,7.858828565853701043e-02,6.955997830330093445e-02,8.352499516735704954e-02,1.135692182845416121e-01,9.949899171174061974e-02,6.563149015277452980e-02,3.614706002074346419e-02,4.616377529245508510e-02,5.051335813741540670e-02,6.953681602092351421e-02,1.367337503641011531e-01,1.264356948896750987e-01,1.554295242358618157e-01,1.631279183115249554e-01,1.998661063920731951e-01,1.601543056774869522e-01,1.454652978433692567e-01,1.217099690275255802e-01,1.326003655318005459e-01,1.610733290532508355e-01,1.676391571018268356e-01,1.402889762567293974e-01,7.027553533898357740e-02,1.410280548023460367e-01,6.169411340593292103e-02,1.713992025858425139e-01,1.759453945911211847e-01,6.621577228383117297e-02,9.316379725734379169e-02,5.856627301657851142e-02,1.302915270225258604e-01,1.590882549135922974e-01,1.355727078001132124e-01,1.368915997981304256e-01,4.635598462162278388e-02,1.331712487033397951e-01,1.638809446809848802e-01,5.565372444103007521e-02,1.788576243548643530e-01,1.964727610835912130e-01,1.801693931461056108e-01,9.795049511683570631e-02,1.162224939189696743e-01,8.541569230117494749e-02,1.054698563831448638e-01,1.239756956649087083e-01,5.960950927263124893e-02,1.705192146712510293e-01,1.002598886126045558e-01,1.113252985726171373e-01,1.396852905318838878e-01,6.285865261524453684e-02,1.348098723404899668e-01,9.969876585474769792e-02,1.083460912523582370e-01,1.531561275486837403e-01
8.257181725764015101e-02,3.838323593266023542e-02,6.999999999999999556e-01,6.881640678703243585e-02,1.070667400166802896e-01,1.115822757896650919e-01,7.530314824016207109e-02,1.537276045415339742e-01,1.148834865195229454e-01,1.119599769864384753e-01,1.414520140966034067e-01,1.170271326795406935e-01,4.557317005504849666e-02,1.052362551733946189e-01,7.309483781769191002e-02,7.601432875016833624e-02,1.320768369840509271e-01,5.865837073780241773e-02,7.670512813777591310e-02,4.371831492351696373e-03,9.619946732704004466e-02,1.001944926803571140e-01,1.365476989410037978e-01,7.974265021834249512e-02,2.243352366544295040e-01,5.377787235917379227e-02,1.008362158142072085e-01,6.520070027268820567e-02,1.946126720004044408e-01,2.214711091802551435e-01,1.455408286246182015e-01,1.946562606814458696e-01,8.558936869851010987e-02,1.169387415700436361e-01,1.146852158914754283e-01,8.983068944496694352e-02,7.815211388917368829e-02,1.686401694846247634e-01,1.451499079195332498e-01,1.181502687448381939e-01,1.936532990009159350e-01,2.163058375919554854e-01,1.131179605018181322e-01,1.389229233260093621e-01,9.121642737091709141e-02,1.412531364905860454e-01,1.328045292704360669e-01,4.980143732816277174e-02,1.118857979286438376e-01,1.110632482225083068e-01,7.799428639740575708e-02,9.170386192993681962e-02,2.504516787202325928e-02,1.110161366195043658e-01,1.657556772001271272e-01,4.160428009658150017e-02,1.647337586245614660e-01,1.449734271249062956e-01,1.382546616494995662e-01,9.170110815144141836e-02,1.245956727869648728e-01,1.008952262168663072e-01,1.551010789498417086e-01,1.249893564610220359e-01,1.865858974272570636e-01,9.750132263593863646e-02,1.735393651015745276e-01,9.741933460400893641e-02
4.969567761612576212e-02,1.057759242749833906e-01,6.881640678703243585e-02,6.999999999999999556e-01,9.397558582123950732e-02,8.826311618976370732e-02,2.551627438552411115e-02,1.260953020416238635e-01,1.211071234223113774e-01,8.509572036072524104e-02,7.033944161126856609e-02,1.452660666951919866e-01,9.500651660860272296e-02,9.933767392319553524e-02,5.050904453624009000e-02,1.111796276790397303e-01,1.541996302533590879e-01,1.402441956298551562e-01,8.025203437842416687e-02,5.513332394890906041e-02,1.192243423388137796e-01,9.567958891925404386e-02,1.305306424970200108e-01,1.976516265006716400e-01,3.808785382179757234e-02,1.715564608418632675e-01,1.675814983982951145e-01,9.209632342640160230e-02,1.572543998242582342e-01,9.123837833797182606e-02,1.173901387061204171e-01,1.246758246760692745e-01,8.895924534453777954e-02,1.491544039900598480e-02,1.268702344081676925e-01,1.704344169857986147e-01,2.060092505192112899e-01,1.076082305037300291e-01,1.819221929545547511e-01,1.244273031828703469e-01,8.578920957135974246e-02,2.181287031612521021e-01,1.233989290032071473e-01,1.688947928933227649e-01,1.610671386011395811e-01,7.702152691084167280e-02,1.099806701017615740e-01,1.247295284145711336e-01,7.666133412684646153e-02,1.627064309387459828e-01,1.973812913110762346e-01,1.609663506230790964e-01,4.081929023298897646e-02,1.268883593058863779e-01,1.152934698332040153e-01,1.158589993576518845e-01,1.025086426039786558e-01,2.087161312879008135e-01,1.062325437024251029e-01,1.942104611098053046e-01,7.242736684542266934e-02,9.260195385934304191e-02,8.095747043776249652e-02,1.595819487762551170e-01,1.160092339540202272e-01,2.029513973556632822e-01,1.484516304765464145e-01,1.792359714523651670e-01
1.265429641026515617e-01,6.233774144087026597e-02,1.070667400166802896e-01,9.397558582123950732e-02,6.999999999999999556e-01,1.119012205479618799e-01,8.037359779493702394e-02,4.794315386096694581e-02,1.125540873892501154e-01,8.699562300022628536e-02,5.514459978019658343e-02,6.032104022495360374e-02,1.551625628732328510e-01,5.545208506148750771e-02,7.084386970966327635e-02,9.880331016227117402e-02,8.415661653746163429e-02,8.400351150814522327e-02,3.141978781414910687e-02,3.840182406212611088e-02,1.083326961695013496e-01,7.560994602074098958e-02,5.984427699713169846e-02,1.167322304160796076e-01,1.473118737840438397e-01,1.691855521041333854e-01,7.528228396517613885e-02,1.213387716273093830e-01,1.784863398887663599e-01,4.966464661990729196e-02,1.851085133663902815e-01,2.688235111703923819e-02,8.128427255600489953e-02,1.725622292476372555e-01,1.024189828527878876e-01,2.036450869003789688e-01,1.072114237192494379e-01,1.428606168930244003e-01,1.514596637182074879e-01,2.047911230876934552e-01,1.243217655392802046e-01,8.087252126318535128e-02,4.241991986260826297e-02,1.202258209354069296e-01,1.035278947194028382e-01,9.799585784210133876e-02,1.570623836957017738e-01,1.544485119100451886e-01,1.855629089098818907e-01,1.522508982841082048e-01,1.694904499849480273e-01,7.492042656012208590e-02,1.251987778247071748e-01,2.316637955907818736e-01,8.405990738334574719e-02,4.405365266348201803e-02,5.555042886872543079e-02,8.197144994893645897e-02,8.719798310028781252e-02,1.191187522418619832e-01,1.085367338705627016e-01,6.875523546220303761e-02,2.105924668255687582e-01,1.420606758402334635e-01,1.168222525257957140e-01,1.054031546314041917e-01,9.619965206609518149e-02,6.244084225751959927e-02
1.090360754807748606e-01,2.876170146906360803e-02,1.115822757896650919e-01,8.826311618976370732e-02,1.119012205479618799e-01,6.999999999999999556e-01,4.556170313174784381e-02,4.008709095654335725e-02,7.694088705834531416e-02,1.202693924718227225e-01,9.686938975358375115e-02,1.199839138362616409e-01,5.427166239136164971e-02,4.072683963302799193e-02,1.283319283768148689e-01,5.077973855499279265e-02,1.761930275263649467e-02,1.322335982895483930e-01,5.427066396913952928e-02,1.303491139631894613e-01,1.303410775716654646e-01,1.033707929281042770e-01,1.381372664981775078e-01,1.649581980776765322e-01,1.632317649396777537e-01,1.630675746478943700e-01,1.170422588467501523e-01,4.026434921642196851e-02,1.053639597112712989e-01,1.309492271609580261e-01,1.396556392650200318e-01,5.163937307522641074e-02,9.450561672006331515e-02,9.188421979427729980e-02,1.844810624304053098e-02,1.047305406987741050e-01,2.196935251252729593e-01,8.029027182674491891e-02,7.738278844008839030e-02,4.672337152125628085e-02,7.110358913023082095e-02,1.372918704279742497e-01,1.360773866877969251e-01,1.366270725216010007e-01,1.169971459496955968e-01,7.010825570015383201e-02,6.642262008472300805e-02,6.985871367644244656e-02,1.849672514502445075e-01,1.133784918390938895e-01,1.651056636386664112e-01,1.300817470024875633e-01,1.472873677124788283e-01,1.030602426832622209e-01,6.081028677623635109e-02,9.900398165735685430e-02,1.575280201854932782e-01,1.465371435691754654e-01,1.261365688446194067e-01,8.463222667315231651e-02,1.385900478925408685e-01,9.720719136421351880e-02,1.061199276891149068e-01,8.708562464119307123e-02,1.103716881511708769e-01,1.247659277498247982e-01,1.162280149259185269e-01,1.049576961741704034e-01
7.430283356268757577e-02,9.323548691140870481e-02,7.530314824016207109e-02,2.551627438552411115e-02,8.037359779493702394e-02,4.556170313174784381e-02,6.999999999999999556e-01,3.576211394553766021e-02,1.285947948873001900e-01,1.162701380683954094e-01,7.379886990928140322e-02,1.002649879557364065e-01,1.243479353605132787e-01,5.607905275829946912e-02,1.060599645956081249e-01,7.168540547550936171e-02,1.114474068782918409e-01,1.334314213149054018e-01,9.655468659276050802e-02,4.043698637590561334e-02,1.320773976312357434e-01,4.312931462451916748e-02,1.374327928398087761e-01,9.901490977637841806e-02,1.639535208483332285e-01,1.310539840949976886e-01,1.206033841917978494e-01,5.501265050589815991e-02,2.059829462869376404e-01,1.197804854616374148e-01,9.897100987208201639e-02,1.690259628866524477e-01,1.201378483488609039e-01,1.943836583708939136e-01,7.747832747703511935e-02,6.842996064685909208e-02,1.620959953517628893e-01,1.322758766459999069e-01,9.928098958584888334e-02,1.723304932561417202e-01,1.090531619817034781e-01,1.729086702870627767e-01,1.508084479461495042e-01,1.258873981122923813e-01,1.151225589023107121e-01,6.091923088259489083e-02,6.071376608617000403e-02,1.264997073153830143e-01,2.242440570138300449e-01,9.592749758943608374e-02,1.187331522886999058e-01,1.311138653926685604e-01,1.259997799115371020e-01,9.900668063848901135e-02,1.319869432848072011e-01,2.258951456749723197e-01,8.338639466073263784e-02,1.152932168793098650e-01,1.500460496792567766e-01,3.554942043888588421e-02,4.879410108503602628e-02,1.358689110082893226e-01,1.395777180837143028e-01,1.843378790469524797e-01,1.039223239683158273e-01,1.219589503861825547e-01,2.124687185454862126e-01,1.302921685186274325e-01
1.404761506049180542e-01,1.297026629529782760e-01,1.537276045415339742e-01,1.260953020416238635e-01,4.794315386096694581e-02,4.008709095654335725e-02,3.576211394553766021e-02,6.999999999999999556e-01,8.748389001979384183e-02,1.510373188935910660e-01,9.759846037316111111e-02,1.031080891588316145e-01,6.827806877261209662e-02,3.637829984578770659e-02,6.191626235265764583e-02,8.509583439349677203e-02,2.473542690129308663e-02,1.019570798407136020e-01,8.293046356074415537e-02,1.117137258783350434e-01,2.597686065408938774e-02,1.310812478379806967e-01,1.220987176185150541e-01,2.149665863479944539e-01,1.499768398972724792e-01,9.634145945169889091e-02,1.380332033592244767e-01,1.753086073692628477e-01,1.578495498307112554e-01,9.913085991159673038e-02,1.516347478924613967e-01,8.942900312508939020e-02,1.315526753046192820e-01,9.472541614692173151e-02,6.889092888258240011e-02,1.129491513768632882e-01,1.313377094231593656e-01,1.126043160807350604e-02,1.702978703105567926e-01,5.968282413007000575e-02,6.528142033828898683e-02,1.006174509486383734e-01,7.318970322793541539e-02,1.082451183333542344e-01,1.347784383916756645e-01,5.053204780830173465e-02,1.524030244705751047e-01,1.262339452125734451e-01,9.854144456335332813e-02,1.483022406741477672e-01,4.472516161905708276e-02,1.164290455102013622e-01,2.122061110579584742e-01,1.750183130451164470e-01,1.502106552316978816e-01,3.937641540257604683e-02,1.473355490024610137e-01,2.929199779020762173e-02,6.235716483796795162e-02,1.017008500324173698e-01,1.628131078922251951e-01,9.400984129644389398e-02,1.404495602574716839e-01,1.962268200521903594e-01,9.732884448454595661e-02,6.672251300751981529e-02,9.077039746301499012e-02,1.840709485048201977e-01
1.100915439970752419e-01,1.456680252019464106e-01,1.148834865195229454e-01,1.211071234223113774e-01,1.125540873892501154e-01,7.694088705834531416e-02,1.285947948873001900e-01,8.748389001979384183e-02,6.999999999999999556e-01,2.837218308770979650e-02,5.124570026323333610e-02,7.979566739951678145e-02,6.686013515457567280e-02,1.052094858739907046e-01,1.311184343047758494e-01,9.472635916370221454e-02,1.028983280798552308e-01,6.622021469402461502e-02,7.032080009561103573e-02,7.860345666980425583e-02,5.849134688642266405e-02,8.870045536116577534e-02,1.296822804643100457e-01,1.964033161492162449e-01,7.854944495877788646e-02,7.950004693200986294e-02,9.775617073549223990e-02,1.138066395714862622e-01,1.579773097879406674e-01,1.614161087858707877e-01,1.278386657131498627e-01,1.356661938999221273e-01,1.587800092134534768e-01,1.025627613721755982e-01,4.353871476324305823e-02,7.876450977728964575e-02,2.235975001428646691e-01,1.794870911608439368e-01,1.984333643118200707e-01,1.282666894557948911e-01,1.240075309602267084e-01,1.120964274057326959e-01,6.722433956465330429e-02,1.096183571268203594e-01,1.535782521744036844e-01,1.300394687525631421e-01,1.405948782313098111e-01,1.357578652320000079e-01,1.607858403981776707e-01,6.751391978635465363e-02,8.247288122308352176e-02,4.804535432846223503e-02,1.692489387876916496e-01,8.850542674899414264e-02,1.564725656927510311e-01,1.337348091073901901e-01,1.265170412714484716e-01,1.349213774387834075e-01,1.094193798305758691e-01,1.879495760715507169e-01,1.210378556481418871e-01,7.487488023749730437e-02,1.156686873576597135e-01,1.277996709018059396e-01,1.059154593640419251e-01,1.104801020880346873e-01,1.309205035300223252e-01,8.950660709109015123e-02
1.000966045739644927e-01,1.521540151940098395e-01,1.119599769864384753e-01,8.509572036072524104e-02,8.699562300022628536e-02,1.202693924718227225e-01,1.162701380683954094e-01,1.510373188935910660e-01,2.837218308770979650e-02,6.999999999999999556e-01,2.812826069317569261e-02,9.172156038245730947e-02,1.092432019454479541e-01,1.379240350233941204e-01,1.329672942250544054e-01,1.561950827594205463e-02,3.206296090606508553e-02,9.707189499399362931e-02,3.308515539284227758e-02,6.439411624393825972e-02,4.084015820966921395e-02,8.435159017588580999e-02,1.192316971509879281e-01,1.524647803043353289e-01,1.446449946198515857e-01,1.918211971164913709e-01,1.717420549352857151e-01,1.404022104092921830e-01,1.119594048525642122e-01,4.849354200087986622e-02,3.196740264639907902e-02,1.889017386801031817e-01,1.564403163919366457e-01,1.215122582023492742e-01,1.873532008101421731e-01,1.589118517760620963e-01,1.112568157205594821e-01,1.640184778861664694e-01,5.238083365068171848e-02,7.363338697461176141e-02,1.212990013897043556e-01,1.300687196559363046e-01,1.921203925384735445e-01,1.478493486159078718e-01,9.732165875951692691e-02,7.981906180042661059e-02,1.957247529490939164e-01,2.439301026024240024e-02,1.125243812007104827e-01,1.145837616228429640e-01,1.227009726928063454e-01,9.543443970214346428e-02,1.855540048693382627e-01,9.363689926337284697e-02,1.502285669323642214e-01,1.936767352710337953e-01,8.774253046580766935e-02,4.367737583179043953e-02,7.436849286488442234e-02,1.863320072948232431e-01,1.133680624060129649e-01,3.815488967664343312e-02,1.986521352357807635e-01,1.255656046664495595e-01,1.326052275481102716e-01,1.804019806971638995e-01,8.182783968384982343e-02,1.135065402578093602e-01
1.355808217881264710e-01,3.614436916639829356e-02,1.414520140966034067e-01,7.033944161126856609e-02,5.514459978019658343e-02,9.686938975358375115e-02,7.379886990928140322e-02,9.759846037316111111e-02,5.124570026323333610e-02,2.812826069317569261e-02,6.999999999999999556e-01,7.810375406003597365e-02,1.178285842285425045e-01,8.803937900778495418e-02,9.176532767212568220e-02,7.775508903277485173e-02,9.068985794623433960e-02,4.454699822843137536e-02,3.322105535231079793e-02,3.965449203286203900e-02,6.262321218232809461e-02,7.167412930058654486e-02,3.919435784461744454e-02,1.394330168268873016e-01,1.752257794508563227e-01,1.602712538641467011e-01,1.190671523460104242e-01,2.016161550725524831e-01,8.827009056981094393e-02,4.311015071722177489e-02,1.132767549342609537e-01,1.432937990305418186e-01,1.067352313095481092e-01,5.613255677706899260e-02,7.547835392734134063e-02,8.493364077630827236e-02,1.572050298167090854e-01,1.355073456046478331e-01,1.013114469461209310e-01,1.324810008231968039e-01,2.296598018729489876e-02,1.683708093361811486e-01,9.082426637753175658e-02,8.974139048630533355e-02,1.620129661071898208e-01,7.426129519689332603e-02,2.477911219990369673e-02,8.449579870957651950e-02,3.423807554355803862e-02,7.240707212131908266e-02,6.545300015707024299e-02,6.793908044145799408e-02,1.469543472922991978e-01,1.343890315034066418e-01,2.299385738837356474e-01,1.149556635679531702e-01,1.314778862725438646e-01,5.307723175547200689e-02,2.296523077092741394e-01,5.164626409802706986e-02,8.293984558402228702e-02,1.413429738605259112e-01,1.459883515322608072e-01,1.574531462655289482e-01,1.860739268692926940e-01,1.506902195226919039e-01,1.189713879824989551e-01,1.346928510072368246e-01
4.074831847670513235e-02,1.119130604520335026e-01,1.170271326795406935e-01,1.452660666951919866e-01,6.032104022495360374e-02,1.199839138362616409e-01,1.002649879557364065e-01,1.031080891588316145e-01,7.979566739951678145e-02,9.172156038245730947e-02,7.810375406003597365e-02,6.999999999999999556e-01,6.581772530241182528e-02,8.748187246543824569e-02,1.018834130508242813e-01,9.793245687559681834e-02,4.409402864190831856e-02,5.142655280873163065e-02,4.022772596764700309e-02,8.990803641945573077e-02,3.885255746565834112e-02,1.480471505947306698e-01,2.688753351014245424e-02,1.518649398532159467e-01,8.136195223774787821e-02,1.750625671826934182e-01,9.280466219551596063e-02,1.292026662118702374e-01,1.445930101903189768e-01,1.997879965399531055e-01,5.684422625229799964e-02,1.747642700289243067e-01,1.142191616647806052e-01,1.713559050075169621e-01,4.944757672857659492e-02,1.275874150426834774e-01,1.521226753858158642e-01,6.150066398465917072e-02,1.076591586069233220e-01,1.742294568851128767e-01,1.222148016045976615e-01,1.525622984620242928e-01,1.287280189104813566e-01,1.807557209681647792e-01,1.331967587720754298e-01,1.228724709631019985e-01,1.860560634415892034e-01,5.432308464800277015e-02,1.206974776883129458e-01,1.654117054032988032e-01,1.938613341710500038e-01,1.417239786376301713e-01,1.131097039119914952e-02,1.353187755028133210e-01,1.648098220606907527e-01,1.606982290597260277e-01,1.213214118977641032e-01,1.723067598672121947e-01,1.177997635532275350e-01,1.341897156201487806e-01,1.191107248201307423e-01,6.270752651691900714e-02,9.316343277987540472e-02,1.094316848696557098e-01,9.965316500305648750e-02,1.043402411797321738e-01,1.840107753232752830e-01,8.925477839872297814e-02
8.406751871580403490e-02,7.858828565853701043e-02,4.557317005504849666e-02,9.500651660860272296e-02,1.551625628732328510e-01,5.427166239136164971e-02,1.243479353605132787e-01,6.827806877261209662e-02,6.686013515457567280e-02,1.092432019454479541e-01,1.178285842285425045e-01,6.581772530241182528e-02,6.999999999999999556e-01,7.801242714341406759e-02,1.478346123699435799e-01,1.272054759633117205e-01,8.736976399674942217e-02,7.949881389754392957e-02,9.923859421660312374e-02,5.429956817508285738e-02,1.017014474111482408e-01,1.463999973139465394e-01,9.210331689042218495e-02,4.452454565774554424e-02,1.748188361266764801e-01,1.663272548240747328e-01,6.745014173314391182e-02,9.632679424570260440e-02,5.114595082592167385e-02,2.117853665085895898e-01,1.182953327089396184e-01,1.584300262408350757e-01,1.396208718366268586e-01,1.914641581862518982e-01,5.435008872847862244e-02,1.236802084104808019e-01,1.346323789634450430e-01,2.068733525642552640e-01,3.042929570725425720e-02,1.054387922670752264e-01,1.022376640047459595e-01,2.204079045372962509e-01,1.438999066315204411e-01,1.425294167834104675e-01,8.972706554752640784e-02,6.829673521186702123e-02,1.474105557855777404e-01,1.585082582155273312e-01,1.185585298826393186e-01,1.645708111830334608e-01,1.330832845610986359e-01,1.653481195863183428e-01,1.976901169997649088e-01,1.532612242473699316e-01,2.459357591229101997e-02,1.432803959340107069e-01,1.064886329855986302e-01,6.703360142441985858e-02,8.321872879174899151e-02,8.219940590981483775e-02,1.191525121131138398e-01,7.117043292593455694e-02,7.199558992250153222e-02,1.424366108201846615e-01,9.759104629433126843e-02,1.704005742375650501e-01,5.950026686693622724e-02,6.329050795528956552e-02
9.294341748103564227e-02,6.955997830330093445e-02,1.052362551733946189e-01,9.933767392319553524e-02,5.545208506148750771e-02,4.072683963302799193e-02,5.607905275829946912e-02,3.637829984578770659e-02,1.052094858739907046e-01,1.379240350233941204e-01,8.803937900778495418e-02,8.748187246543824569e-02,7.801242714341406759e-02,6.999999999999999556e-01,1.131495755608062093e-01,6.234493659547853117e-02,5.279156049361195119e-02,9.061566514053395749e-02,6.003037356685644865e-02,6.506398434680564502e-02,5.382384196778171315e-02,3.461217504545100604e-02,9.751230821066433907e-02,1.411179083560901437e-01,1.236700873988378496e-01,1.712197558387874852e-01,1.117527499738983493e-01,1.130148397632728396e-01,9.031097512125339788e-02,1.683393433314707976e-01,3.903822310457347178e-02,2.262525692432518221e-01,1.946036578199308864e-01,2.090355653360518040e-01,8.605725325387537927e-02,1.125274138270141860e-01,1.748875009929158619e-01,2.192001755654638395e-01,1.332841062806621735e-01,1.651450358689433573e-01,1.282105245393080351e-01,1.852605500352937362e-01,1.578507220054120030e-01,1.100437990121513609e-01,2.159612696560492262e-01,1.116588994331866869e-01,1.410724719019354201e-01,9.608632293381604017e-02,1.930218400228404796e-01,1.249329695963923154e-01,1.964904572058253918e-01,1.496011114032979872e-01,7.538502194281709867e-02,1.514505900900048330e-01,5.357135618681269085e-02,1.679982687963979260e-01,2.034699181269404300e-01,1.546211221463116570e-01,3.274966803055977260e-02,1.281459300222461684e-01,7.402951754828203390e-02,2.058489681450704767e-01,8.554909285399903141e-02,2.194191913094122037e-01,1.090020647520550945e-01,2.725030611623784765e-02,1.445070762874031689e-01,1.388975934770467213e-01
8.757846034646318834e-02,8.352499516735704954e-02,7.309483781769191002e-02,5.050904453624009000e-02,7.084386970966327635e-02,1.283319283768148689e-01,1.060599645956081249e-01,6.191626235265764583e-02,1.311184343047758494e-01,1.329672942250544054e-01,9.176532767212568220e-02,1.018834130508242813e-01,1.478346123699435799e-01,1.131495755608062093e-01,6.999999999999999556e-01,7.580344959407066263e-02,1.169095007917010515e-01,7.778347745189390094e-02,7.084992929593957045e-02,9.181584174107042251e-02,6.303636061995869511e-02,5.739276290181720419e-02,1.663054874572634373e-02,1.173142153462221338e-01,1.018982527035830615e-01,9.611638590523755021e-02,1.427056981037751748e-01,1.184205028140356275e-01,9.303906207341625101e-02,3.066881482341439827e-02,1.161278564571518179e-01,9.075705839586403756e-02,1.252861894000927290e-01,1.255050039617435775e-01,1.251320656063201753e-01,1.056214227105918835e-01,1.228083099892822716e-01,1.754420550715254379e-01,7.543049316889120781e-02,1.684252355096618192e-01,5.312924394617886403e-02,8.792497131215511186e-02,1.219001898437775400e-01,9.536684117560259577e-02,1.553514778110765271e-01,5.874819697850607036e-02,1.403789180120595115e-01,1.892566314448589360e-01,1.413284163352748757e-01,1.868248215498292675e-01,1.133672006434978674e-01,1.755827851630862579e-01,1.213300914003604403e-01,9.486096007545974373e-02,1.054559151776096743e-01,2.250884788787532384e-02,1.046736620163338793e-01,4.823711509403234149e-02,8.447418622205427052e-02,2.071538649203419902e-01,7.632615227055764007e-02,1.637920991547059946e-01,1.210006970798446907e-01,1.601892528925157599e-01,1.293699290808999758e-01,9.996658633074058387e-02,1.121501116939552373e-01,8.424894650589323519e-02
7.141757374382592949e-02,1.135692182845416121e-01,7.601432875016833624e-02,1.111796276790397303e-01,9.880331016227117402e-02,5.077973855499279265e-02,7.168540547550936171e-02,8.509583439349677203e-02,9.472635916370221454e-02,1.561950827594205463e-02,7.775508903277485173e-02,9.793245687559681834e-02,1.272054759633117205e-01,6.234493659547853117e-02,7.580344959407066263e-02,6.999999999999999556e-01,6.781436774097683584e-02,1.363194961623902524e-01,1.053654406432503188e-01,7.623191075349629309e-02,8.383096538297164779e-02,9.035495144842764503e-02,2.201121360308476160e-01,1.330992164386450849e-01,3.129534667815381949e-02,1.227612056235395654e-01,1.223140245567064244e-01,1.438124950534547530e-01,1.565075968583303778e-01,1.409149259141820043e-01,8.310339235723800122e-02,1.725155305214365331e-01,7.384451629619737112e-02,4.947530646684493438e-02,4.226805775498507917e-02,1.785529158593396060e-01,1.160379132772001859e-01,9.469558909632488919e-02,1.024569662573732026e-01,1.150425880847328053e-01,1.019048343065911272e-01,6.403173071594839283e-02,1.508465442892467367e-01,1.154526243724971896e-01,1.159410361463958095e-01,1.071115676630720465e-01,1.037051213044207915e-01,4.515760214794584115e-02,1.738488799555468756e-01,1.003116514110662383e-01,7.550426351855846208e-02,1.793093026240475951e-01,3.917587432350680410e-02,2.212640206325556247e-01,6.899259193962270498e-02,1.075155415146045595e-01,9.021484618828726210e-02,5.001346070216271256e-02,1.766437728869404630e-02,1.129559928262914709e-01,9.471391156729123961e-02,1.964281844120595588e-01,6.076282589795248268e-02,1.200312255226306940e-01,1.073387921384545557e-01,4.376555943333517579e-02,1.248966723795705280e-01,9.490152210952254586e-02
3.953993572053699640e-02,9.949899171174061974e-02,1.320768369840509271e-01,1.541996302533590879e-01,8.415661653746163429e-02,1.761930275263649467e-02,1.114474068782918409e-01,2.473542690129308663e-02,1.028983280798552308e-01,3.206296090606508553e-02,9.068985794623433960e-02,4.409402864190831856e-02,8.736976399674942217e-02,5.279156049361195119e-02,1.169095007917010515e-01,6.781436774097683584e-02,6.999999999999999556e-01,1.148533432521302022e-01,7.885333537169186835e-02,1.276747673423103135e-01,7.676689118158804004e-02,7.088162099402627037e-02,9.066057786216867587e-02,1.416891557078270858e-01,1.701452169944971948e-01,1.218946913074124144e-01,1.803367205540746809e-01,1.334960902946390748e-01,1.052176559371281461e-01,1.609757187142927537e-01,1.729879501899720673e-01,1.376935327350034821e-01,1.535668202833427032e-01,1.210060006983361552e-01,2.354349002350907272e-01,1.298448494623704041e-01,1.337843973950003928e-01,9.385508933261997588e-02,1.712279861564836025e-01,2.253916402490790394e-01,5.830819337296479915e-02,7.624639943839582601e-02,1.383278221390373264e-01,1.360456584121009227e-01,1.279344519884443587e-01,8.441086464872007977e-02,1.535202607956720755e-01,9.043531819910577418e-02,1.516307635797408127e-01,1.494006666443300213e-01,1.633386488741870868e-01,1.056324831375531348e-01,1.737386982212483222e-01,8.988715557561831326e-02,1.507670255523143044e-01,1.299734150505168773e-01,1.532703570829429540e-01,1.009300194881738444e-01,2.141128048721344102e-01,6.742015725079603117e-02,1.390196834921085811e-01,7.102537748968476561e-02,6.495957679192007617e-02,8.168576030490951045e-02,1.408899328466791945e-01,1.895125152126958534e-01,2.015936279555597399e-01,1.512376177342499850e-01
5.957129506157923110e-02,6.563149015277452980e-02,5.865837073780241773e-02,1.402441956298551562e-01,8.400351150814522327e-02,1.322335982895483930e-01,1.334314213149054018e-01,1.019570798407136020e-01,6.622021469402461502e-02,9.707189499399362931e-02,4.454699822843137536e-02,5.142655280873163065e-02,7.949881389754392957e-02,9.061566514053395749e-02,7.778347745189390094e-02,1.363194961623902524e-01,1.148533432521302022e-01,6.999999999999999556e-01,1.126653776606220403e-01,8.103575383661069942e-02,5.957760842246763444e-02,3.982065401927021436e-02,1.383687754200581543e-01,1.968386493834674011e-01,9.801964134786297911e-02,1.488029799436092204e-01,2.340763859930659052e-01,3.105510130261032384e-02,1.435615298289575348e-01,9.954875125342152464e-02,1.241941086238180503e-01,1.280724684603576913e-01,5.184283418619663186e-02,1.932369839318412719e-01,1.177379356812276456e-01,1.547565775116075126e-01,1.185863412621750990e-01,7.834815923290371076e-02,1.646806812616611326e-01,1.224366097141180582e-01,1.738074923402973537e-01,1.407235408495144946e-01,1.071300546995243297e-01,1.410692676888769814e-01,1.248958141975298475e-01,4.520432825539766331e-02,7.369347448439605985e-02,1.666513298437212187e-01,7.523683006344537849e-02,1.153828641335217231e-01,2.039527220783453609e-01,1.038925448273995550e-01,1.422144298037789911e-01,1.355017783476324400e-01,5.953255934672688904e-02,3.828984068111415673e-02,1.996278749570917221e-01,1.069465030946475520e-01,1.142372888927816743e-01,9.392885767203151826e-02,1.107843279823882490e-02,1.933311516480594461e-01,1.222460605816910184e-01,1.093083542471320196e-01,1.201196828525403770e-01,9.348743497571206096e-02,6.772200419681118078e-02,7.781758434358222731e-02
5.853700784872298973e-02,3.614706002074346419e-02,7.670512813777591310e-02,8.025203437842416687e-02,3.141978781414910687e-02,5.427066396913952928e-02,9.655468659276050802e-02,8.293046356074415537e-02,7.032080009561103573e-02,3.308515539284227758e-02,3.322105535231079793e-02,4.022772596764700309e-02,9.923859421660312374e-02,6.003037356685644865e-02,7.084992929593957045e-02,1.053654406432503188e-01,7.885333537169186835e-02,1.126653776606220403e-01,6.999999999999999556e-01,8.335090069995643169e-02,9.228015428261338027e-02,6.664841695912496200e-02,2.147537299092477370e-01,6.100385664057757923e-02,8.436108857495672186e-02,1.072242839550509030e-01,1.352721230210121584e-01,6.432112579515486539e-02,1.479465267423598074e-01,1.068689964178556606e-01,1.661124175638761247e-01,2.966763441323176653e-02,1.083437026581039186e-01,6.314317339774026816e-02,1.121070780500187380e-01,1.958701851691715123e-01,1.539570957580828348e-01,1.103093675589149059e-01,1.029408861153505578e-01,2.046152000356259160e-01,1.770606082674879289e-01,1.292081072852632462e-01,1.012587883093871155e-01,1.194754590373530156e-01,1.225861508469957006e-01,1.229943766269490368e-01,1.807337786180678862e-01,1.598233412100745765e-01,1.485842654268012264e-01,1.139213831708805885e-01,1.490695014239097893e-01,3.107482343656253754e-02,1.394103465227421457e-01,1.683922627480649026e-01,1.560049739996834661e-01,9.087691076992926442e-02,4.779585134629374399e-02,1.054554898702216026e-01,1.349818450836519079e-01,5.584627999110537699e-02,1.148993149919377149e-01,1.361615773166863774e-01,3.674601978853825335e-02,8.625853652679313366e-02,1.154064692742741149e-01,1.288770452488157969e-01,5.331262691565714917e-02,2.278129890134026822e-02
1.004387048793206755e-01,4.616377529245508510e-02,4.371831492351696373e-03,5.513332394890906041e-02,3.840182406212611088e-02,1.303491139631894613e-01,4.043698637590561334e-02,1.117137258783350434e-01,7.860345666980425583e-02,6.439411624393825972e-02,3.965449203286203900e-02,8.990803641945573077e-02,5.429956817508285738e-02,6.506398434680564502e-02,9.181584174107042251e-02,7.623191075349629309e-02,1.276747673423103135e-01,8.103575383661069942e-02,8.335090069995643169e-02,6.999999999999999556e-01,3.077722584434646608e-02,8.680141736518290352e-02,1.583155580331303269e-01,1.181459108756008070e-01,8.183280193696826355e-02,6.222791200245968157e-02,2.287272404166790229e-01,1.241865199639638762e-01,2.721654095740594706e-02,4.933027515825211262e-02,2.156304394853468531e-01,1.278312465874524018e-01,1.178321051142181830e-01,1.512998083686497575e-01,1.721626212416483837e-01,1.989063856450159484e-01,1.390943671246584468e-01,9.750456014599082066e-02,1.566313641235599907e-01,1.072842498397826305e-01,1.653113783278606364e-01,1.434176561063662259e-01,1.350536001015063547e-01,1.478055101634337398e-01,1.017600115080217471e-01,1.335796381881785844e-01,1.396589769066620690e-01,1.293646796140789368e-01,1.210165817346059991e-01,2.171041864533035937e-01,1.476592055769135603e-01,9.844729326314061169e-02,1.526782643130115136e-01,1.299041183731078353e-01,1.641993327938356118e-01,1.129949067490713666e-01,1.101679461594990278e-01,9.599104073996185538e-02,1.718055460526175526e-01,1.898451959034861969e-01,2.089531053570810593e-01,1.132421771112269993e-01,1.423007024000404463e-01,1.618120463177603607e-01,1.406838054651097236e-01,8.429747475523843847e-02,1.071985811447614262e-01,1.016397310938392806e-01
4.489940874961345640e-02,5.051335813741540670e-02,9.619946732704004466e-02,1.192243423388137796e-01,1.083326961695013496e-01,1.303410775716654646e-01,1.320773976312357434e-01,2.597686065408938774e-02,5.849134688642266405e-02,4.084015820966921395e-02,6.262321218232809461e-02,3.885255746565834112e-02,1.017014474111482408e-01,5.382384196778171315e-02,6.303636061995869511e-02,8.383096538297164779e-02,7.676689118158804004e-02,5.957760842246763444e-02,9.228015428261338027e-02,3.077722584434646608e-02,6.999999999999999556e-01,4.969996455548670450e-02,1.269105037064289510e-01,6.836583779849711440e-02,5.809964756592855828e-02,9.903994502438245862e-02,1.152614876506717900e-01,4.608942945785213241e-02,1.136533331805691521e-01,9.358704854365665349e-02,1.226212228465307780e-01,6.830860789108203490e-02,1.089475052830295859e-01,1.194369302283616319e-01,4.084062717097862449e-02,2.082426493633072195e-01,1.103164766598354329e-01,1.713433763491832018e-01,1.430723556646523731e-01,9.162070958785671626e-02,1.755948193851787353e-01,1.053140842250807618e-01,1.293528137166308767e-01,1.133849670261198594e-01,5.530670312893826157e-02,1.506968453097067839e-01,2.120391015744904073e-01,1.919743444988126213e-01,1.166955270590374072e-01,1.064484058272157085e-01,1.254205409612746125e-01,1.417320359095539661e-01,1.659790801417648232e-01,8.993406633218513357e-02,1.179929492992775331e-01,2.094282234460212999e-01,2.271185603486415849e-01,1.177986949499094382e-01,1.442147526278538816e-01,1.752465353000777215e-01,6.864115854759925139e-02,1.302308262933264127e-01,1.056303899312343725e-01,5.619240889921249538e-02,1.037096333576611601e-01,1.307617175285888667e-01,1.248012770723797293e-01,1.126131856230897510e-01
8.341585996108875911e-02,6.953681602092351421e-02,1.001944926803571140e-01,9.567958891925404386e-02,7.560994602074098958e-02,1.033707929281042770e-01,4.312931462451916748e-02,1.310812478379806967e-01,8.870045536116577534e-02,8.435159017588580999e-02,7.167412930058654486e-02,1.480471505947306698e-01,1.463999973139465394e-01,3.461217504545100604e-02,5.739276290181720419e-02,9.035495144842764503e-02,7.088162099402627037e-02,3.982065401927021436e-02,6.664841695912496200e-02,8.680141736518290352e-02,4.969996455548670450e-02,6.999999999999999556e-01,6.744137102768230085e-02,1.467038859060458555e-01,1.029711763048737211e-01,1.450814218776412257e-01,1.169895553383849818e-01,1.091790002216460886e-01,1.017354629092306617e-01,2.288678500291478971e-02,9.499790466704753633e-02,2.012899344631305099e-01,1.415822583515373989e-01,1.663534674748767817e-01,1.275883035156733514e-01,1.271008652947051010e-01,6.073755488374919798e-02,9.044853433286506594e-02,1.935385461194974455e-01,1.194207151410573986e-01,1.363313869427218439e-01,1.220348730695360873e-01,4.281877453529067679e-02,6.935908860316182534e-02,4.170137689555886151e-02,1.514293314384790867e-01,7.484600774599763084e-02,7.119787022520565611e-02,1.621883087536039048e-01,1.750252456970514958e-01,1.936285929937730521e-01,9.736715389395241005e-02,1.542769543697005141e-01,1.234768968757937180e-01,1.859248624643138892e-01,1.324828842884737123e-01,1.272422856683327608e-01,1.883847243475908484e-01,1.402951750548991072e-01,1.544428790948841612e-01,4.220466893812526571e-02,1.015766204934180628e-01,1.379340666112551239e-01,1.617315486061727259e-01,1.245363978261682936e-01,9.623648557643947610e-02,1.808510589519989054e-01,1.222323255128909131e-01
6.173498954557087720e-02,1.367337503641011531e-01,1.365476989410037978e-01,1.305306424970200108e-01,5.984427699713169846e-02,1.381372664981775078e-01,1.374327928398087761e-01,1.220987176185150541e-01,1.296822804643100457e-01,1.192316971509879281e-01,3.919435784461744454e-02,2.688753351014245424e-02,9.210331689042218495e-02,9.751230821066433907e-02,1.663054874572634373e-02,2.201121360308476160e-01,9.066057786216867587e-02,1.383687754200581543e-01,2.147537299092477370e-01,1.583155580331303269e-01,1.269105037064289510e-01,6.744137102768230085e-02,1.000000000000000000e+00,1.893182956395786654e-01,1.371821119979151626e-01,9.485800235481592346e-02,8.383268365391730037e-02,1.109690117117230618e-01,8.849482038209359469e-02,2.013370047899427084e-01,1.089880054140200949e-01,1.103208670383264978e-01,2.059953944019623506e-01,1.626306293431558636e-01,1.266532657294101583e-01,9.781248247246698835e-02,4.212414081322893994e-02,1.498546976038769574e-01,1.703074262882373902e-01,1.456855583020689182e-01,6.235189010314961394e-02,1.134786336602194440e-01,1.159468738245689745e-01,9.471476834795106159e-02,1.091118377366394054e-01,1.614317253446175826e-01,4.417677273759766654e-02,9.262715805496371524e-02,8.003444809975636398e-02,1.138128181715788723e-01,5.687517445737738653e-02,8.976323001981607874e-02,1.356898623846088392e-01,4.585364677665729888e-02,1.388760993176375302e-01,1.093437212471113917e-01,2.058110167822171932e-01,7.342569028775852713e-02,1.307511870103649498e-01,1.603031452531177362e-02,1.095029371924570033e-01,1.412433428598899310e-01,1.019136696167703415e-01,1.975293638663254414e-01,9.186374755691982530e-02,1.249266460524789957e-01,1.306977245896074821e-02,9.390734873480142963e-02
