1.500000000000000000e+00,7.944881302977602200e-02,3.270507500723820460e-01,1.823854223331297097e-01,3.134087559178762028e-01,2.069976139290909400e-01,2.349998082515891151e-01,1.623160016435677422e-01,2.067329328765476204e-01,2.940428619685928058e-01,2.730831827413948143e-01,2.047464916688590819e-01,1.081258951826986614e-01,1.959806726590211656e-01,2.158200218688121064e-01,2.517354814219419645e-01,2.635062889517094664e-01,2.960988506593204561e-01,2.327551332736267631e-01,2.792985856009712053e-01,1.333705749487217318e-01,1.934135102568644848e-01,1.616934004509600620e-01,7.167256047329434443e-02,1.737116991814818268e-01,2.704746801624871577e-01,2.161851433909299791e-01,1.157919139505554917e-01,8.835461120968707283e-02,1.018785083316943868e-01,1.199676766965479535e-01,1.908638037230569184e-01,1.795855798706909034e-01,1.845484553899602309e-01,2.037968496404875540e-01,1.544529980249806367e-01,1.355146369030776343e-01,9.409287153689109562e-02,1.774555990831985786e-01,1.673605150130658137e-01,1.329221984260735290e-01,1.516805102656318960e-01,1.794873192702694797e-01,8.628715489469232502e-02,1.383675378603143324e-01,9.205230688158043406e-02,2.568877487228278245e-01,2.921291674298588312e-02,1.883678310539556033e-01,4.425941765584739951e-02,1.431562967373530282e-01,9.789459560256527637e-02,1.084415378594579815e-01,1.414477379048862116e-01,2.173264142673443367e-01,2.169340316987109496e-01,4.546797290297147076e-02,1.237964701307824045e-01,8.605880415417074825e-02,1.533809508989367187e-01,8.710872503436932479e-02,2.226676411858846405e-01,1.622889911903890037e-01,2.417310965182810911e-01,2.871246939315357238e-01,1.561680457277235812e-01,2.055531021498221422e-01,1.011998397833630547e-01
7.944881302977602200e-02,1.500000000000000000e+00,1.829169187916017680e-01,1.690755173906409170e-01,2.051131109919434314e-01,2.663921735865582563e-01,4.973955354974754495e-02,2.466652977509611322e-01,9.712279606685789157e-02,2.290886910090447759e-01,1.709174932866042163e-01,2.776017516833572119e-01,2.614384480507466191e-01,2.910306493530671057e-01,2.972211732493634240e-01,1.712872490647223134e-01,3.346326694386762557e-01,1.962135219050519797e-01,2.820349699629619566e-01,2.661775244288848707e-01,2.042019337174696969e-01,2.938817082875584408e-01,2.140124725260018901e-01,1.365694011913280992e-01,4.980764610340768228e-02,1.786597504518596391e-01,1.924418791534137918e-01,1.631607274876730740e-01,1.350412876379629701e-01,1.207176223407097349e-01,7.573092845982944132e-02,1.809577098148619778e-01,2.204813915014281478e-01,1.029412500204018865e-01,9.395183242634563836e-02,1.950130356224386019e-01,1.732748329493603856e-01,9.140479770940118653e-02,1.862982450230413756e-01,2.675034162554206785e-01,8.669241532754425050e-02,1.060384173702578481e-01,9.067408552901506935e-02,7.368020019633883533e-02,1.760170284737671842e-01,1.185965282763617179e-01,4.110063349438457941e-02,2.483160005059734110e-01,6.821283116372096889e-02,4.884768755285091857e-02,9.061441162123717863e-02,1.275806975527606080e-01,2.198082852059310699e-01,1.947441471183745665e-01,1.377714550945362826e-01,1.086630586916072921e-01,9.409408883090705777e-02,1.816368597094580595e-01,9.411924678210238648e-02,1.008856145225464906e-01,1.093452517933964363e-01,1.685646786432190014e-01,1.727441652291197838e-01,1.304612351540752058e-01,2.113707153585391851e-01,7.839456825905376236e-02,1.140575547617460606e-01,2.126049130699337320e-01
3.270507500723820460e-01,1.829169187916017680e-01,1.500000000000000000e+00,2.418828709774948349e-01,3.623449336076612348e-01,1.816653284636945975e-01,2.285130737568105419e-01,9.752157343827522196e-02,2.913311768102697652e-01,1.451122460111184398e-01,2.061232443069546116e-01,3.669614066041559375e-01,1.747053767639885902e-01,2.588742495884829298e-01,1.781772451099299381e-01,1.453032184186820175e-01,2.952839600776621665e-01,2.772145659180129673e-01,1.908763260741102308e-01,2.778775313593092045e-01,2.893412156177255223e-01,2.034215666858057645e-02,1.683535308298655941e-01,1.936757652515061767e-01,2.103030952553600064e-01,2.246329665642700923e-01,1.359895444286362276e-01,1.791321133697171275e-01,1.455850818138529623e-01,1.581714740712731326e-01,7.069632328743929994e-02,1.560560767164471119e-01,1.585749451178521396e-01,2.134971195794909127e-01,1.728168503258336874e-01,1.477784145699352347e-01,2.131568528311556243e-01,1.670229808865030530e-01,1.558568494838878382e-01,6.334601238263180834e-02,1.946169591027493151e-01,2.021184684018095257e-01,1.368848421901675549e-01,8.821033647370205011e-02,1.840817809041458419e-01,1.462324995951920503e-01,2.182931072546683837e-01,1.715299428211992383e-01,1.423348108322264327e-01,1.553790715126889266e-01,2.073817063847263262e-02,2.746401582649222739e-01,2.210350577647563486e-01,2.465710173919145043e-01,1.500520205704858334e-01,1.911727495131613497e-01,2.014169503019931085e-01,1.897617590400282328e-01,8.803188143740514615e-02,2.457910280125718550e-01,1.726834210049287832e-01,6.876692130243633461e-02,1.075020439897166336e-01,2.165001900340119412e-01,1.013131546655107046e-01,1.650036641135295967e-01,1.574045456610405347e-01,2.019509400925683651e-01
1.823854223331297097e-01,1.690755173906409170e-01,2.418828709774948349e-01,1.500000000000000000e+00,2.366574935440154681e-01,3.386094349358113043e-01,6.297849571142800917e-02,1.221581622024493358e-01,1.385049021573648842e-01,2.512202113982051621e-01,2.875815389162986735e-01,3.195062545790482988e-01,2.985933731237112587e-01,9.963897172126778834e-02,2.550612000916671063e-01,2.681756896770207677e-01,2.793812714593891799e-01,3.077174004330057167e-01,1.622873446963340183e-01,2.198114371172835146e-01,3.563811429371032125e-01,3.409999206083924039e-01,2.311872688122463271e-01,2.163273728045905786e-01,4.198399772602993962e-02,2.713301114708066564e-01,2.278047251918884908e-01,8.430556661420911257e-02,1.972908264707428361e-01,2.116708993221278479e-01,1.573800682208847390e-01,1.495270884478263340e-01,1.456677749527031107e-01,1.692695567843085780e-01,1.213768510577444421e-01,1.183705816480585676e-01,1.246715804619220602e-01,6.875618774457249727e-02,1.446285183878888714e-01,1.806540973546917894e-01,2.117112911262693797e-01,1.850593882321628914e-01,8.562997849488385160e-02,8.072223336108451386e-02,1.578421957732389913e-01,1.903328263922806352e-01,7.383402089665663803e-02,5.283340740600029478e-02,1.912165376294495123e-01,5.693661417297787158e-02,6.549767045524342024e-02,1.297560411800613989e-01,9.780067574894241167e-02,1.370146168864678493e-01,1.182408883688376294e-01,2.139120281932784806e-01,1.738160317193031268e-01,2.024701323024404587e-01,8.138752866457900359e-02,2.072951519958359246e-01,1.413796942120408850e-01,2.383925023052578251e-01,1.648158616612288296e-01,1.898856334391662570e-01,1.264059061245938476e-01,2.621195656710834654e-01,8.364391324859676846e-02,1.588831251412564094e-01
3.134087559178762028e-01,2.051131109919434314e-01,3.623449336076612348e-01,2.366574935440154681e-01,1.500000000000000000e+00,2.058911475694039095e-01,1.890274725758513408e-01,4.892215254836040222e-02,1.950239219812308356e-01,2.682111324009732733e-01,2.875491668081212038e-01,3.569147616678261525e-02,3.332756058937210719e-01,1.714177593685206613e-01,3.596280336877369921e-01,3.936291371101936498e-01,1.619503588026537377e-01,3.142408397417096322e-01,2.907308873742685540e-01,3.239582656429563778e-01,1.600258126108112522e-01,2.448535666671259325e-01,1.863066658252166552e-01,2.374979115808799057e-01,1.653858693086204812e-01,1.690383348294210997e-01,4.747206383605287461e-02,5.520775446772553663e-02,1.532868992053007529e-01,1.685348706704571098e-01,1.752345726947877047e-01,6.274380731622697382e-02,7.940507121627055076e-02,1.555718792913913517e-01,2.181604605069399627e-01,1.302271795398693144e-01,2.636445775992964924e-01,2.430079722395956376e-01,1.514622189494494731e-01,2.481238460824881642e-01,2.680425594490826735e-01,1.553347114256797834e-01,1.976910261182245887e-01,1.807592014688776672e-01,1.400771896610034650e-01,4.790171609135557285e-02,1.307096869746058321e-01,1.143339233028588531e-01,1.454643257130722733e-01,1.791296574171734601e-01,1.432411389657088641e-01,1.227788034182904497e-01,1.316330882123273316e-01,8.241454048988000602e-02,1.724859230147074707e-01,2.192960903972610009e-01,1.482629821207379905e-01,2.763863366356640316e-01,1.879828283548541368e-01,6.695596004182718941e-02,1.539374172164449939e-01,2.105980459209040312e-01,1.189816753767475727e-01,8.894746328823022186e-02,2.234197819947040808e-01,1.378109083273530711e-01,1.728696644645764113e-01,1.348788869307991356e-01
2.069976139290909400e-01,2.663921735865582563e-01,1.816653284636945975e-01,3.386094349358113043e-01,2.058911475694039095e-01,1.500000000000000000e+00,3.295123105914284922e-01,1.683354939614074564e-01,1.186889416682203602e-01,2.354702168820476116e-01,1.079694994589522859e-02,1.558734543868472711e-01,2.092468535349005232e-01,7.290981166513969824e-02,2.029561723252774341e-01,1.980106819255182116e-01,1.567574486129144906e-01,3.643152044604027195e-01,2.097881655492242481e-01,2.708786421142660439e-01,1.826734787843740659e-01,1.091904649714967313e-01,1.648602028250071294e-01,7.911087697021655651e-02,1.604970417621330858e-01,1.473492582878715706e-01,1.141820792028337417e-01,8.683316127821107122e-02,7.811211315845528746e-02,2.229204697450856421e-01,2.231423747010841951e-01,1.362609666719544754e-01,2.806618469928381376e-01,2.507353911194893370e-01,1.149112690916663376e-01,1.086378494210430284e-01,1.053394626216130892e-01,1.291295037060871120e-01,1.346709703559748339e-01,2.062179082285640064e-01,4.916152502956683962e-02,2.362621681047368805e-01,6.056258667908573368e-02,2.043506766730754931e-01,1.591326972715931265e-01,1.138532553157834554e-01,2.840813505109940351e-01,1.687160932883865483e-01,2.726344473335726715e-01,1.902736309128028602e-01,2.372240710200003155e-01,1.409719694162404613e-01,1.248388946426337576e-01,1.451167052941255697e-01,1.842204582324634965e-01,1.234962046087700605e-01,1.269971301459434376e-01,1.050797714281281325e-01,1.476321169052599858e-01,2.081733226940899462e-01,1.532753712959890602e-01,1.019952888628461035e-01,1.589337904590691353e-01,1.971773225713860933e-01,1.980418565988801005e-01,1.057697085168903331e-02,1.822982116177914169e-01,4.567345373132493391e-02
2.349998082515891151e-01,4.973955354974754495e-02,2.285130737568105419e-01,6.297849571142800917e-02,1.890274725758513408e-01,3.295123105914284922e-01,1.500000000000000000e+00,2.029189847224671106e-01,3.986052782650859050e-02,2.083870468308506585e-01,1.566229708809430132e-01,2.273728220063120364e-01,2.817145234453777847e-01,3.153497306543797118e-01,3.169258173969334291e-01,1.373293302532361260e-01,1.784094579191021490e-01,7.764555173395493171e-02,3.269081634018844995e-01,1.095118234511740229e-01,2.146602730473020082e-01,1.735124275048509912e-01,1.723760968496408641e-01,1.174037105004448189e-01,2.277178274021213200e-01,1.704152212279875511e-01,1.974204890619953023e-01,6.403620489715981801e-02,1.223566792296582884e-01,1.362042978814517191e-01,7.690101753741211688e-02,1.134527924552074241e-01,1.390006006638576375e-01,6.614994131229323671e-02,6.154967403106073598e-02,1.216449191609689090e-01,6.769717634627626934e-02,5.777627701112574010e-02,1.448994610456877941e-01,1.837203974701882569e-01,1.273473292467851292e-01,1.447140304766240670e-01,1.210217839678840585e-01,7.622412906093498086e-02,2.248729863826413600e-01,1.605568077456050458e-01,1.344302164848912573e-01,6.018533053178636016e-02,4.916878198274269446e-02,2.678885345067604229e-01,1.478381334772346234e-01,8.382146493340805748e-02,7.902779026880471513e-02,2.240834928086218869e-01,1.966297383466995008e-01,2.015442534266118635e-01,1.647371273332584873e-01,1.858608220568084279e-01,3.721455980557117349e-02,1.693897721709668180e-01,1.629983529639403295e-01,1.554914330695923996e-01,2.729372921331167934e-01,1.412719205651377929e-01,2.002535825807952308e-01,2.696439719090985010e-01,8.915950437496890368e-02,9.210176583028978348e-02
1.623160016435677422e-01,2.466652977509611322e-01,9.752157343827522196e-02,1.221581622024493358e-01,4.892215254836040222e-02,1.683354939614074564e-01,2.029189847224671106e-01,1.500000000000000000e+00,1.837843783650595919e-01,2.405445843037893328e-01,2.994873683544237442e-01,1.491054595242586323e-01,1.537769462503654483e-01,2.372617492716189158e-01,8.249627199269429778e-03,2.732075993946879722e-01,1.474808411562478216e-01,9.080034415520794877e-02,2.525041081009356536e-01,2.439605018546512627e-01,3.607698388749229212e-01,1.160082439603732779e-01,1.002807746536501093e-01,1.114359808804325086e-01,2.050720271540508177e-01,9.478221126472541336e-02,1.098764208254172092e-01,1.813809347305847530e-01,1.978970892300229711e-01,1.650140593576933101e-01,1.606767972536577715e-01,1.555909545395721960e-01,2.508528839036077152e-01,1.910309435826179902e-01,1.207600306827412567e-01,4.538727633227244290e-02,1.332030313690187318e-01,1.083963414015667315e-01,1.658181289452928253e-01,1.930857584730752419e-01,6.475472659585621016e-02,6.238437933200655094e-02,1.567953787232765905e-01,1.301227687392828847e-01,2.768496611004908278e-02,9.836109211830694476e-02,1.526901266180188677e-01,2.006544291891729226e-01,1.167472724210195795e-01,1.193479039880366438e-01,1.385793117668373542e-01,6.097892865243294963e-02,1.749363374177820285e-01,2.809608813895778656e-01,2.177424586085071334e-01,1.059516661913357805e-01,5.411820726943576687e-02,1.753365680613258037e-01,2.020240194514796861e-01,5.458283663886091819e-02,2.650470443235731777e-01,4.660973916171061437e-02,1.625415117722620317e-01,1.105837462092025270e-01,2.182350821009693687e-01,1.811304190144079895e-01,2.114021527462404682e-01,2.034462029678486827e-01
2.067329328765476204e-01,9.712279606685789157e-02,2.913311768102697652e-01,1.385049021573648842e-01,1.950239219812308356e-01,1.186889416682203602e-01,3.986052782650859050e-02,1.837843783650595919e-01,1.500000000000000000e+00,1.353297528827214491e-01,2.343563952957683771e-01,3.950828598370481615e-01,3.222260631996753943e-01,1.848176593129918499e-01,2.172824319313699237e-01,1.392822707632832002e-01,2.433406323895739021e-01,3.799556239634636068e-01,4.754543606424593838e-02,9.228323318301198674e-02,4.254391945199379604e-02,3.973049962506893795e-01,2.341973343515664774e-01,1.847033296026608373e-01,1.530117071146115323e-02,2.638954574621021898e-01,1.290166219245160173e-01,1.697627475076001757e-01,1.305239467668457276e-01,2.431821632963260815e-01,2.001060970247868498e-01,1.063884077832718406e-01,1.681713068290963675e-01,5.022894829287610774e-02,1.010815533716529213e-01,2.865718766391912586e-01,5.897457110884900267e-02,8.815869660448795442e-02,1.765186379055883048e-01,2.355429305148600827e-01,1.481184855899471131e-01,1.557284441368048666e-01,2.457488333794303759e-01,1.927163824755673827e-01,2.095736254248746488e-01,1.549992683581036812e-01,2.201804637123131181e-01,2.425071533565902604e-01,8.803716266677594215e-02,2.359560081195354875e-01,1.202345004221894581e-01,2.422562090367567644e-01,5.471803090263500230e-02,1.297885580511311532e-01,8.558624391618131766e-02,2.086915399906203450e-01,1.605267894373498538e-01,9.323152439262785696e-02,1.413138476492605822e-01,1.652597097489429678e-01,2.114961952787298427e-01,1.649126694702940932e-01,1.711830606309897029e-01,2.471604301154735062e-01,1.970076580228787844e-01,2.448138882672232230e-01,7.785519728149770113e-02,1.803819223474887878e-01
2.940428619685928058e-01,2.290886910090447759e-01,1.451122460111184398e-01,2.512202113982051621e-01,2.682111324009732733e-01,2.354702168820476116e-01,2.083870468308506585e-01,2.405445843037893328e-01,1.353297528827214491e-01,1.500000000000000000e+00,4.186789395688648163e-01,2.097084416143865093e-01,6.542290475706880049e-02,1.072012336518259890e-01,1.034372912885471868e-01,2.269731850047337907e-01,5.033653625936743148e-02,3.020097326011470518e-01,2.366271800435238437e-01,1.896165205756684957e-01,3.217766965910015542e-01,2.056231643586770574e-01,5.225946632606284781e-02,1.865336134986576577e-01,2.077112739924374951e-01,1.632436460650524279e-01,1.619429175887074634e-01,1.544776904527923322e-01,9.293104784981437438e-02,2.106585261135474063e-01,2.214836660394238765e-01,1.582236042629963368e-01,1.324965457833020555e-01,1.607708863624936202e-01,1.964116616743842858e-01,2.529793248904484981e-01,6.840221034901833308e-02,5.405452342474750815e-02,9.472382684996938362e-02,2.273728784016568749e-01,1.660080989371505444e-01,6.907359825421896526e-02,8.104160793565992615e-02,2.483324242847525509e-01,1.180099856138497882e-01,1.238420539347708516e-01,1.205747845147536468e-01,4.442988914616005647e-02,1.423674601187838729e-01,2.068561838992533652e-01,9.681228144065133490e-02,1.933851985345838020e-01,1.381710355764035891e-01,1.981571378880143675e-01,2.080011592650444219e-01,1.533801776627370661e-01,2.961853106851673398e-02,2.291889537084955131e-01,9.396147160511429675e-02,9.775961598755200654e-02,2.333248694546212754e-01,1.140290424187404283e-01,1.654564911778420855e-01,1.139545651975009677e-01,1.411066208840321967e-01,9.958608568440363226e-03,1.980545156067695101e-01,2.709156688318836159e-01
2.730831827413948143e-01,1.709174932866042163e-01,2.061232443069546116e-01,2.875815389162986735e-01,2.875491668081212038e-01,1.079694994589522859e-02,1.566229708809430132e-01,2.994873683544237442e-01,2.343563952957683771e-01,4.186789395688648163e-01,1.500000000000000000e+00,1.266529914735191886e-01,1.468354576481455398e-01,2.668522654872643729e-01,2.574312698282731349e-01,3.133895835934869534e-01,3.349046394313464625e-01,2.222837350380968413e-01,3.007110467875211968e-01,2.296753340686009115e-01,3.566500352350662206e-01,3.980286198446454926e-01,2.289296670427273250e-01,1.275435935596284376e-01,2.206430673808090770e-01,1.518760898018918226e-01,1.215648710673236793e-01,1.991599361449090388e-01,2.515991944360362886e-01,2.411920811783551111e-01,1.420714294542975986e-01,1.409737102896473360e-01,1.367571373571543070e-01,1.249012957479568864e-01,1.595255905438243416e-01,9.812454248687897673e-02,9.344971535543505903e-02,2.185667771733035836e-01,1.612620997163698722e-01,1.082661802991181643e-01,2.113827728435807851e-01,1.600586820003540023e-01,2.040335420905105002e-01,1.186383151503311306e-01,7.318711931325538878e-02,1.965999768959257321e-01,2.012464797265606231e-01,1.582506538193583501e-01,1.775369182046158678e-01,2.007177311172994583e-01,1.705643811876285387e-01,1.532978783283642510e-01,1.634934840896598574e-01,1.207973070409685823e-01,1.118861982482398654e-01,2.264618364793789529e-01,2.400442073007472144e-01,6.983354646094068474e-02,1.848465119912890420e-01,1.736830498415737056e-01,1.474223266887761952e-01,4.045459038094536414e-02,7.463719007743817302e-02,8.739140495683792031e-02,2.646792601292208280e-01,2.102144394041431663e-01,1.160249412394042945e-01,1.295327357669597834e-01
2.047464916688590819e-01,2.776017516833572119e-01,3.669614066041559375e-01,3.195062545790482988e-01,3.569147616678261525e-02,1.558734543868472711e-01,2.273728220063120364e-01,1.491054595242586323e-01,3.950828598370481615e-01,2.097084416143865093e-01,1.266529914735191886e-01,1.500000000000000000e+00,1.004897144742256249e-01,2.730954363873595581e-01,1.318532207181603855e-02,2.273528523710487970e-01,7.816502451951196084e-02,2.051117760211265129e-01,7.384551210572115609e-02,3.328901582972793038e-01,3.260993017242037051e-01,1.365941515708173348e-01,5.663889493130840058e-02,1.900332914473749912e-01,1.756618463320855361e-01,6.819188942448349555e-02,9.880547141784841447e-02,1.958036959547347355e-01,2.165479602987391838e-01,1.670747879691443782e-01,1.971629758316099101e-01,2.401766753828814549e-01,2.070185598238675762e-01,1.134081177542050345e-01,1.999630436067678929e-01,1.338621872206015861e-01,9.748405818220455543e-02,2.635861638097081183e-01,1.319726822641009156e-01,1.702799459722534048e-01,1.566438889021409264e-01,1.939774158402729765e-01,6.689711866164187171e-02,1.344991910588223261e-01,9.962117614273974242e-02,2.005599118134656911e-01,1.270131466036370227e-01,1.088064663827532225e-01,1.805228854025305030e-01,2.489099318135934991e-01,1.201280538810633736e-01,1.145361096774193121e-01,1.758391356776793923e-01,2.315332441977804301e-01,8.692069311341681093e-02,9.421547268990834723e-02,1.277977445992649064e-01,2.622204573083118939e-01,3.249639538408090333e-02,1.058517409640076790e-01,5.279379355241794330e-02,1.003136644695374335e-01,2.398562797403343549e-01,2.372568977047186389e-01,2.271128346510046248e-01,2.118970051105358299e-01,9.246606937117661518e-02,1.259236033431429536e-01
1.081258951826986614e-01,2.614384480507466191e-01,1.747053767639885902e-01,2.985933731237112587e-01,3.332756058937210719e-01,2.092468535349005232e-01,2.817145234453777847e-01,1.537769462503654483e-01,3.222260631996753943e-01,6.542290475706880049e-02,1.468354576481455398e-01,1.004897144742256249e-01,1.500000000000000000e+00,1.043212244339172534e-01,2.804046168110417292e-01,3.894663480142359080e-01,1.143012576121709423e-01,3.333127630027710731e-01,2.076967285298872978e-01,2.906384718930968836e-01,1.700519213239973515e-01,1.334922745891128082e-01,2.023751840398958224e-01,1.635630053214006951e-01,1.448072939670962400e-01,1.454335953819343163e-01,8.273925044674693141e-02,2.450125672621372153e-01,1.399341308773104642e-01,9.705134396134701413e-02,1.525617916582217015e-01,1.453801739326301273e-02,1.986877554873594798e-01,1.783164299806112296e-01,1.936748486295742366e-01,1.640890212489339584e-01,8.618703253015225219e-02,1.224835544735982384e-01,1.049494832954438184e-01,1.920281492773605048e-01,1.031084354856066088e-01,2.239034212528786538e-01,1.272287257556604101e-01,9.141903700402791155e-02,1.597256368256062820e-01,1.572535214321385266e-01,1.112828309803869098e-01,2.057309819305772614e-01,1.968867426457836523e-01,1.004095728405539206e-01,7.481679611973610089e-02,1.538616583902940871e-01,7.270503447656991025e-02,6.662522499399829712e-02,2.579087293581566742e-01,1.676747965076690883e-01,5.966156159173199858e-02,1.729083850637031794e-01,8.757043056106454670e-02,1.952630231928627058e-01,1.984318602600398385e-01,2.199890480741740345e-02,1.071853930635936758e-01,2.005427357862349935e-01,1.046982568592569468e-01,1.841185014390465391e-01,2.218008841665484732e-01,1.614581932368861772e-01
1.959806726590211656e-01,2.910306493530671057e-01,2.588742495884829298e-01,9.963897172126778834e-02,1.714177593685206613e-01,7.290981166513969824e-02,3.153497306543797118e-01,2.372617492716189158e-01,1.848176593129918499e-01,1.072012336518259890e-01,2.668522654872643729e-01,2.730954363873595581e-01,1.043212244339172534e-01,1.500000000000000000e+00,1.772060675212949188e-01,2.375156711807307475e-01,3.492314170030165199e-01,1.762650948332563083e-01,7.108889384494541941e-02,1.516147941995572013e-01,2.877691295334114940e-01,1.994825450247593168e-01,1.648739955070140928e-01,1.640777483138336490e-01,1.351977901364773138e-01,6.915602446243672430e-02,1.135920158384055578e-01,1.349356871747470765e-01,1.099801581377077286e-01,1.154890978453316785e-01,8.065425528526593002e-02,1.215479914325379440e-01,1.573840818539672393e-01,1.811143786981782300e-01,1.742575602843337568e-01,1.782424654653931295e-01,1.000295179683786950e-01,1.387181142251224242e-01,1.504829930415113592e-01,1.145085898259934898e-01,2.185741734604162989e-01,2.316906458009017622e-01,9.929901508596182536e-02,1.665800120558708075e-01,1.832718213752381753e-01,1.133178968934394071e-01,2.068319506082196835e-01,1.544089674249178867e-01,9.398556531602295094e-02,5.105572020101134534e-02,3.311856840482532705e-02,1.560798285955153630e-01,1.223298490786111081e-01,2.556169685946791392e-01,1.028115465179345323e-01,1.930266939303612039e-01,9.339433198681633408e-02,1.818274805266791305e-01,1.781444276756619649e-01,1.227713622077901412e-01,1.314415829518177925e-01,1.575582366932012368e-01,2.696671921643868375e-01,2.529556205615675069e-01,1.453887827976725333e-01,5.296717594554690989e-02,1.724810997561136705e-01,1.615215244648181836e-01
2.158200218688121064e-01,2.972211732493634240e-01,1.781772451099299381e-01,2.550612000916671063e-01,3.596280336877369921e-01,2.029561723252774341e-01,3.169258173969334291e-01,8.249627199269429778e-03,2.172824319313699237e-01,1.034372912885471868e-01,2.574312698282731349e-01,1.318532207181603855e-02,2.804046168110417292e-01,1.772060675212949188e-01,1.500000000000000000e+00,2.278514560935984978e-01,1.425991345125904863e-01,1.458461271682308935e-01,1.207904885573661546e-01,8.196469263990294185e-02,3.355869182667265416e-01,2.455039784983259754e-01,2.429691335286687237e-01,2.269414946031569347e-01,9.848332888476989122e-02,1.079046328514934594e-01,1.843057814371851233e-01,2.157833215098727553e-01,1.368077459218060565e-01,1.041866951789032214e-01,1.651043754104006833e-01,2.123078077811785258e-01,1.799497044338886909e-01,2.352068782446632422e-01,1.164240088179183535e-01,1.466589683826471091e-01,2.307230002527126955e-01,6.738513747526211906e-02,2.479682536232157286e-01,2.155469430293055488e-01,5.019980641242083319e-02,1.774837556967660268e-01,1.115514497948964234e-01,6.826701492635003921e-02,1.493892609737766941e-01,1.917876776466566069e-01,2.290700649633835573e-01,2.337438815457176244e-01,2.696196664506715912e-01,8.757746293941520710e-02,7.426648323436357835e-02,1.313342860186075822e-01,2.750754863426093655e-01,6.070705621786368078e-02,5.870299325758034092e-02,2.539987191172126124e-01,1.664158465975864587e-01,2.565689303156520884e-01,1.625803861862362143e-01,5.785507787790731410e-02,1.369576316240365410e-01,2.109507500256033730e-01,1.365816597835352586e-01,4.866588519873761565e-02,1.501596620657748571e-01,1.299325831468041426e-01,1.376712429891714939e-01,1.153450056094182108e-01
2.517354814219419645e-01,1.712872490647223134e-01,1.453032184186820175e-01,2.681756896770207677e-01,3.936291371101936498e-01,1.980106819255182116e-01,1.373293302532361260e-01,2.732075993946879722e-01,1.392822707632832002e-01,2.269731850047337907e-01,3.133895835934869534e-01,2.273528523710487970e-01,3.894663480142359080e-01,2.375156711807307475e-01,2.278514560935984978e-01,1.500000000000000000e+00,2.193231946851091352e-01,2.863022914871096170e-01,2.667364632037727556e-01,2.105191860221653499e-01,1.098843745465665350e-01,1.249849602432535345e-01,1.823554477795163165e-01,1.738344100551928451e-01,5.252480259996671064e-02,1.739408349026887735e-01,1.371752661931700257e-01,1.122257033114404806e-01,1.480243417485890833e-01,2.112190295024249931e-01,4.326020885300377317e-02,1.345229972115209449e-01,1.673133445077053527e-01,9.143696122899998280e-02,4.137406660290456062e-02,1.331504652551077361e-01,1.060854155588442649e-01,1.563720060301732606e-01,1.657601662514716911e-01,4.916369337658469535e-02,1.057698031105142565e-02,2.017200870410554570e-01,1.163586354824372032e-01,1.459449459334010990e-01,1.320379055996959705e-01,1.375760918604864158e-01,6.482665674993176239e-03,1.581456740542350747e-01,1.113146670296540075e-01,1.125951058682279626e-01,1.194031798748772938e-01,2.556995069568916423e-01,1.391812671630209830e-01,2.432028938812484942e-01,1.533596710356783244e-01,1.250627671010834940e-01,1.004292436677878819e-01,1.588580807302968356e-01,5.561611355344800445e-02,1.604881894113752150e-01,7.162855566114979811e-02,1.918878485394815425e-01,2.107747274793508874e-01,2.055510037605713380e-01,1.009502347479645790e-01,2.020340650094997748e-01,1.990894050957905947e-01,2.192584385825626647e-01
2.635062889517094664e-01,3.346326694386762557e-01,2.952839600776621665e-01,2.793812714593891799e-01,1.619503588026537377e-01,1.567574486129144906e-01,1.784094579191021490e-01,1.474808411562478216e-01,2.433406323895739021e-01,5.033653625936743148e-02,3.349046394313464625e-01,7.816502451951196084e-02,1.143012576121709423e-01,3.492314170030165199e-01,1.425991345125904863e-01,2.193231946851091352e-01,1.500000000000000000e+00,6.913811153267407361e-02,7.635166498994037931e-02,9.604038002012205144e-02,7.227288636075998585e-02,1.328602879415143601e-01,9.101959993666355886e-02,1.549264501879429878e-01,1.271280210245860354e-01,1.859301990616993305e-01,1.431396252084604914e-01,2.311537882702361657e-01,4.199301465978587389e-02,1.645322163138648597e-01,1.665457831216896889e-01,2.372874031922666549e-01,1.854655607015085472e-01,9.432697715311216813e-02,6.271876667334097544e-02,2.025662915243806039e-01,1.732113304330117898e-01,1.447693053269658581e-01,1.183451902460196520e-01,1.818116010353862944e-01,1.537080617974353747e-01,1.003355941795518597e-01,2.093313724638893314e-01,1.385850912866500584e-01,2.630583802498154822e-01,4.986350122897550974e-02,1.344126510744169112e-01,1.063285601824520560e-01,2.563074629686422634e-01,7.010473383307325168e-02,4.078338503481673816e-02,1.670820668524396480e-01,2.517899681691971869e-01,1.125527057016235399e-01,6.042100610757315804e-02,2.497213316761870416e-01,1.493339071692312836e-01,2.113938216385625180e-01,1.909040477850862949e-01,1.715876793413418644e-01,2.029380554356783051e-01,2.082740670058697285e-01,1.429962894664510709e-01,7.626916493146759790e-02,1.932329226893560459e-01,1.339938187278857662e-01,4.968851565439177942e-02,2.618515017244394949e-01
2.960988506593204561e-01,1.962135219050519797e-01,2.772145659180129673e-01,3.077174004330057167e-01,3.142408397417096322e-01,3.643152044604027195e-01,7.764555173395493171e-02,9.080034415520794877e-02,3.799556239634636068e-01,3.020097326011470518e-01,2.222837350380968413e-01,2.051117760211265129e-01,3.333127630027710731e-01,1.762650948332563083e-01,1.458461271682308935e-01,2.863022914871096170e-01,6.913811153267407361e-02,1.500000000000000000e+00,7.553921440605201876e-02,2.362365650255293659e-01,2.936430670697722234e-01,3.810726914561942125e-01,1.916168851326782163e-01,8.104044451130115734e-02,1.419246259702381940e-01,2.020156757776550294e-01,1.897401136290272627e-01,1.209923574668937407e-01,1.097938852088748418e-01,1.796632084885035896e-01,4.798779356089130643e-02,1.838458088114769962e-01,1.841340349612172744e-01,1.190251377416020329e-01,6.555267374513433498e-02,2.035436246724999232e-01,2.067976651161442525e-01,1.096679874006276090e-01,8.843270901280456120e-02,2.805833253784694170e-01,1.918675091616729445e-01,8.858621319463177990e-02,1.175407564234828978e-01,1.265439017590871684e-01,1.052745103116029951e-01,2.522517029899878915e-01,1.361574070178104279e-01,2.331543284646485012e-02,1.134771605961598928e-01,1.759850222092347316e-01,1.997544633109767376e-01,1.755451909801313271e-01,2.541748133399760606e-02,1.444919487094026567e-01,2.871656342195771372e-01,2.133611211357792636e-01,8.125835553625826435e-02,6.564978399719713364e-02,1.727654308407653438e-01,1.225926557782593129e-01,1.271519726399173711e-01,8.115722131690700225e-02,2.826409282559588787e-01,1.878615271327572223e-01,9.532573833108524963e-02,3.261572633334208771e-02,2.555200781790818998e-01,1.639946191277232845e-01
2.327551332736267631e-01,2.820349699629619566e-01,1.908763260741102308e-01,1.622873446963340183e-01,2.907308873742685540e-01,2.097881655492242481e-01,3.269081634018844995e-01,2.525041081009356536e-01,4.754543606424593838e-02,2.366271800435238437e-01,3.007110467875211968e-01,7.384551210572115609e-02,2.076967285298872978e-01,7.108889384494541941e-02,1.207904885573661546e-01,2.667364632037727556e-01,7.635166498994037931e-02,7.553921440605201876e-02,1.500000000000000000e+00,3.778490233392743924e-01,1.850393555478004881e-01,2.412534052148642416e-01,7.831018321397012483e-02,2.804871292227298918e-01,2.703258581728668064e-01,2.190604520991712434e-01,1.035721135380442970e-01,7.006374843637608318e-02,1.778645635987097517e-01,2.059920742450267739e-01,1.607833437728808101e-01,1.510377342564239445e-01,1.679677806742673474e-01,1.340181691130276909e-01,2.115490787701677644e-01,6.678067985387103889e-02,2.534573184636599308e-01,1.599180610791156310e-01,1.378453740198653799e-01,1.565486264838781838e-01,1.323522078370833743e-01,1.738695549927589123e-01,1.697974460709618383e-01,2.142837198318731096e-01,1.537560826343678522e-01,1.952001869056284311e-01,1.011233861672157230e-01,1.737017113183847161e-01,2.128338057031802788e-01,1.324177613986078361e-01,1.734781740899810076e-01,6.162269566204089249e-02,7.090934836940013253e-02,1.780283387846775811e-01,1.300293460585862648e-01,5.283445788357173101e-02,2.236786962232643061e-01,1.603018207107939075e-01,2.586930074464376395e-01,1.217180709156787249e-01,2.075429482754639898e-01,1.342581334279228100e-01,1.401479571365455701e-01,5.604564637540541960e-02,6.624515595784433164e-02,1.547425544311214485e-01,1.877148058273040987e-01,9.440396956134408657e-02
2.792985856009712053e-01,2.661775244288848707e-01,2.778775313593092045e-01,2.198114371172835146e-01,3.239582656429563778e-01,2.708786421142660439e-01,1.095118234511740229e-01,2.439605018546512627e-01,9.228323318301198674e-02,1.896165205756684957e-01,2.296753340686009115e-01,3.328901582972793038e-01,2.906384718930968836e-01,1.516147941995572013e-01,8.196469263990294185e-02,2.105191860221653499e-01,9.604038002012205144e-02,2.362365650255293659e-01,3.778490233392743924e-01,1.500000000000000000e+00,2.124878550308635372e-01,2.417992201983366896e-01,8.845470150488631000e-02,1.398450120226049920e-01,1.227831194993562053e-01,6.929521687554371367e-02,2.762193537093447504e-01,1.544142783160271648e-01,7.616574470457380952e-02,2.565050429413305855e-01,2.418023726322525435e-01,1.248136356317825907e-01,1.795775306635351565e-01,1.576770553229747684e-01,2.327827588575041018e-01,1.434724132666718999e-01,3.274588929563984618e-02,1.283972165565399615e-01,9.228622370036737577e-02,9.067176692841731611e-02,1.803551575521364081e-01,1.509422477032202892e-01,1.312030943484100431e-01,7.363150860815219356e-02,2.437462386830733241e-01,1.248531535053949426e-01,7.869488018406300966e-02,7.541021353464032184e-02,1.310665853282217685e-01,2.745519494063455856e-01,7.868775305540742782e-02,1.917114405756553119e-01,1.470763654628520489e-01,9.929475619698395483e-02,2.013998949779823300e-01,1.344157325474814590e-01,1.242269021147718033e-01,1.735929926709771642e-01,2.700879808079661437e-01,9.154876177419565830e-02,2.372677979748837318e-01,1.841219776577036338e-01,1.270773679271727796e-01,1.717144061154530776e-01,2.387253249236658825e-01,2.200013878800237410e-01,2.316306583373369254e-01,1.645810784989668873e-01
1.333705749487217318e-01,2.042019337174696969e-01,2.893412156177255223e-01,3.563811429371032125e-01,1.600258126108112522e-01,1.826734787843740659e-01,2.146602730473020082e-01,3.607698388749229212e-01,4.254391945199379604e-02,3.217766965910015542e-01,3.566500352350662206e-01,3.260993017242037051e-01,1.700519213239973515e-01,2.877691295334114940e-01,3.355869182667265416e-01,1.098843745465665350e-01,7.227288636075998585e-02,2.936430670697722234e-01,1.850393555478004881e-01,2.124878550308635372e-01,1.500000000000000000e+00,2.389572108553818519e-01,8.505767609376245486e-02,1.177885595730455981e-01,9.797861850070582745e-02,2.648314426293836288e-01,5.112491811020638405e-02,1.145112588513993446e-01,1.242263005898682215e-01,7.223361832978637820e-02,1.252301380172434475e-01,1.613869943015676101e-01,1.376548595540351139e-01,1.111647049466045201e-01,2.428038851638418261e-01,6.632881262019135749e-02,5.110078872783662546e-02,1.938084032165407755e-01,2.073002393182651892e-01,9.758292404707367973e-02,1.280005881574863558e-01,7.193070598996248455e-02,1.807297238492923674e-01,1.420491495414236693e-01,6.862033915125528849e-02,2.448702725046343620e-01,2.788384049703950263e-01,8.070483433631077397e-02,8.698766785940295621e-02,5.642886533013428269e-02,1.390804552563642271e-01,1.209437649152659000e-01,1.479860371106962447e-01,9.607872756613070053e-02,8.480926611279139549e-02,2.128664732888573274e-01,1.562105556363995729e-01,1.178227251080428417e-01,1.182867213991963123e-01,1.719241781132838376e-01,1.311630758187927737e-01,1.763616183203040866e-01,2.392725018323337283e-01,2.008121887151222973e-01,1.837539901632369022e-01,1.578104314552191689e-01,1.331938781712485587e-01,2.235152771021916562e-01
1.934135102568644848e-01,2.938817082875584408e-01,2.034215666858057645e-02,3.409999206083924039e-01,2.448535666671259325e-01,1.091904649714967313e-01,1.735124275048509912e-01,1.160082439603732779e-01,3.973049962506893795e-01,2.056231643586770574e-01,3.980286198446454926e-01,1.365941515708173348e-01,1.334922745891128082e-01,1.994825450247593168e-01,2.455039784983259754e-01,1.249849602432535345e-01,1.328602879415143601e-01,3.810726914561942125e-01,2.412534052148642416e-01,2.417992201983366896e-01,2.389572108553818519e-01,1.500000000000000000e+00,1.179251298934297087e-01,7.222696427102362482e-02,6.861016914621483054e-02,3.785483341409631719e-02,1.142974326498105431e-01,1.196662069502431452e-01,8.221269942160731869e-02,2.876531916036141334e-01,8.132826381902867607e-02,2.562225825583475808e-02,9.238769108780131144e-04,1.685476996185585885e-01,1.630171612716868057e-01,1.862520096735437447e-01,1.285873357902969361e-01,1.439557336331562243e-01,1.872509300778802122e-01,2.726777538294288261e-01,2.688558164708196863e-01,1.531135701346048872e-01,3.098614107447743987e-02,2.762271166906183906e-01,1.369088458609739600e-01,6.892190510915277568e-02,2.333170969737805578e-01,2.217582808508588021e-01,1.260190646716204399e-01,6.875043369163019724e-02,2.808410502904095107e-01,2.714639884292704974e-02,1.246106011388289359e-01,7.408673410472498000e-02,1.160494338457271346e-01,2.911012654229928609e-01,1.624861097865750170e-01,2.337869461339429078e-01,1.724810355613619617e-01,1.103259039383867601e-01,1.663534928569199434e-01,1.373324989598054824e-01,5.784884871408765145e-02,2.235540123406974944e-01,2.610131094299591448e-01,1.943320793692308590e-01,2.351214585014135827e-01,1.304135574366783734e-01
1.616934004509600620e-01,2.140124725260018901e-01,1.683535308298655941e-01,2.311872688122463271e-01,1.863066658252166552e-01,1.648602028250071294e-01,1.723760968496408641e-01,1.002807746536501093e-01,2.341973343515664774e-01,5.225946632606284781e-02,2.289296670427273250e-01,5.663889493130840058e-02,2.023751840398958224e-01,1.648739955070140928e-01,2.429691335286687237e-01,1.823554477795163165e-01,9.101959993666355886e-02,1.916168851326782163e-01,7.831018321397012483e-02,8.845470150488631000e-02,8.505767609376245486e-02,1.179251298934297087e-01,1.000000000000000000e+00,1.660978768303990605e-01,1.523527002735272362e-01,9.318020615199870682e-02,1.448697595190322485e-01,1.890674682302266874e-01,2.435318921025155237e-01,2.926782790499856679e-01,1.416254234523261490e-01,6.669382693682458785e-02,8.824065034206551861e-02,1.944445364566531054e-01,1.332695381301111925e-01,2.038789497619201141e-01,1.497507225252982521e-01,1.913062263285643660e-01,1.166170250872741454e-01,8.860449431870262571e-02,1.365309092471657659e-01,1.453068601365464507e-01,1.819855912117039065e-01,8.682280233989972396e-02,1.448013953060401371e-01,1.024088601509455382e-01,1.303753434927475488e-02,1.650306321261555687e-01,4.017301154365382487e-02,1.612536742445350724e-01,1.469171505977341086e-01,1.114238046482427802e-01,1.683304829166258620e-01,1.402396078069569063e-01,1.281362582974464037e-01,1.158358286633818651e-01,6.627638535410267095e-02,1.469524175895849383e-01,2.443974567396520747e-01,1.391237546945703618e-01,1.192933954907701155e-01,1.099082958493979578e-01,2.121656881067129352e-01,1.722321585651291620e-01,7.550575358820174610e-02,1.326451159237124755e-01,2.221363206003176549e-01,1.156310192562542971e-01
