8.000000000000000444e-01,-2.727666261727255959e-02,2.398264988787424667e-01,1.093470121147649271e-01,2.854569926568089056e-01,1.571371894124641289e-01,1.565736018093248916e-01,3.960602872771230853e-02,1.464802384598610507e-01,2.053325728110449999e-01,2.446870599348689446e-01,1.193550390809209744e-01,7.640550999114983921e-02,3.517340645597372140e-02,8.128520504067976438e-02,1.609793649000132998e-01,1.950893969641419590e-01,2.381320853925599501e-01,1.245632727577677401e-01,2.084001121137080692e-01,9.718323572972006885e-02,1.416337071461203356e-01,1.843643005763914711e-02,-1.361405116541731242e-01,3.188931339356715355e-03,8.050814966269398409e-02,7.307282358495670316e-02,3.109070750979756048e-02,-3.256872699119676973e-02,-2.901785725181645070e-02,-2.424584394285389521e-02,-6.481931959675196753e-03,5.836438501722154837e-02,1.497397663424043790e-02,3.437458117076172548e-02,7.932773098362251585e-02,2.751358779846788116e-02,-2.273405334019105994e-02,1.395066182192956639e-01,1.601413637756461950e-01,5.020700179967287069e-02,2.046775727673832979e-02,4.429671933350237678e-02,-9.371888067217698515e-02,1.540856027926765237e-02,4.953996573498029021e-03,9.558151479037862996e-02,-1.626220503638868276e-01,7.190088045120662796e-02,-6.147235579650706105e-02,-2.729884020060938110e-02,-8.944482570442885416e-02,1.716746283972962750e-02,7.004433867593695684e-02,1.434640329024141070e-01,1.012517006056712077e-01,-9.988986123489065894e-02,-4.714232283640482080e-02,-1.501758924122084671e-02,-1.747473456763631861e-02,1.508245463285753929e-02,1.346989974643698629e-01,2.041999407117403575e-02,1.582027675372902620e-01,1.101822650304027928e-01,1.854752184564559259e-02,6.067787261131341037e-02,-4.253653332071433146e-02
-2.727666261727255959e-02,8.000000000000000444e-01,1.062180018143803889e-01,6.959159187842539618e-03,8.248344584698488746e-02,1.147985602463131860e-01,-1.026634931880986701e-01,1.712513730860676375e-01,-4.271200527850882445e-02,1.971448814208090761e-01,7.580197976325163400e-02,2.000706914724247887e-01,1.810808525554992721e-01,1.969224945365214141e-01,2.117907285226721115e-01,6.621114842862992067e-02,2.184495204866806761e-01,1.096216471996554892e-01,2.433063698889386117e-01,1.534700622118431168e-01,1.745488331301819351e-01,2.346011088928520727e-01,5.209565892623796435e-02,9.918058745106607399e-02,-1.309223989663381438e-02,3.512515032907906343e-02,1.003910742171049975e-01,-2.265074171749248411e-02,-5.299285523955993282e-02,-1.908634981162973809e-02,-7.563870492571843351e-02,9.678955374365821873e-02,1.756932848110730749e-01,-4.343649237870547686e-02,-1.117573024440278728e-01,8.127550267098244963e-02,-2.784267598323728055e-02,4.458601696101170686e-02,4.005651387660796869e-02,9.495878703104304597e-02,-2.803676005155657236e-02,-9.316233670472870432e-02,-4.346548449239789891e-02,-9.740416884098049288e-02,1.186392803631107773e-01,6.857003000139388904e-03,-7.854236576672005143e-02,6.860397673893284254e-02,-4.373789242439155012e-02,-4.165221583031081254e-02,5.486233536355685642e-02,-5.625015019400839145e-02,9.035077247599046513e-02,6.495076387143405849e-02,3.589167161887502067e-02,-6.681145583957588674e-02,-2.564497677358795746e-02,1.956333093994097605e-02,1.300120182451749984e-03,-1.502542489196816156e-02,-6.108702892088441194e-02,7.567903992840982474e-02,-8.578619675023713143e-03,-5.172420342865308163e-02,3.774600839799882590e-02,-2.484119276350127414e-02,5.283408646413453869e-03,1.377289931732142425e-01
2.398264988787424667e-01,1.062180018143803889e-01,8.000000000000000444e-01,1.867709317485508058e-01,3.293345299497546508e-01,9.437377222203449656e-02,1.450036115193017172e-01,-2.439018276475062030e-02,1.877207784895777443e-01,2.676514258186893369e-02,1.563380256530467749e-01,2.792784180190293619e-01,7.947995618943998197e-02,1.429028556059413757e-01,3.658944151428808467e-02,1.200807474065866964e-01,1.967422539017534555e-01,2.458627659505407959e-01,1.219612026590928960e-01,2.177809911615297689e-01,2.543270640392772952e-01,-1.065019998937512813e-01,7.964666690575525343e-02,1.669746654380429296e-01,4.770711926785994872e-02,2.406437952766413146e-02,2.303753402045291554e-02,3.672697893615578524e-02,9.694230904163091134e-02,9.386795346275900176e-03,-1.111709306164569977e-01,-3.303298780663138645e-02,-8.205702129883030160e-03,1.296015051195202050e-01,4.780625174720373738e-02,-7.601300761064080924e-02,1.489038422507608372e-01,8.911974310589382275e-02,7.797139918394589697e-02,-6.256766625642969093e-02,5.052150742218905477e-02,7.905566965784596722e-02,-2.299092322732199101e-02,-1.796310076210155815e-02,-5.411030607597705488e-03,1.167974540282645246e-01,1.656073579103958804e-02,5.952233380748811475e-02,-6.421480333560769527e-04,2.858751970903877782e-02,-3.807763206450594240e-02,1.151505419153854293e-01,8.963548059171883020e-02,1.677220635969345619e-01,7.967075749257149231e-02,1.487997829092957969e-01,8.215605866819453151e-02,-1.634532252459186541e-02,-1.063490120706990227e-01,1.721275845490792822e-01,5.108467652116671642e-02,-1.385900062374559316e-02,-7.161145413716477059e-02,1.155210639657148763e-01,8.338536552949596392e-03,-6.674287940563322641e-02,-1.020479458478246171e-03,1.271698142798035336e-01
1.093470121147649271e-01,6.959159187842539618e-03,1.867709317485508058e-01,8.000000000000000444e-01,1.088623815754244661e-01,2.627140679813464441e-01,-3.203219995264711129e-03,8.724390901085743444e-02,6.128516401176550832e-02,1.930276138274447661e-01,1.759988305402787889e-01,1.712178734081577225e-01,2.076608466250053908e-01,6.082743911954657801e-02,1.617751139548309625e-01,2.042482744250190829e-01,1.891429318082816224e-01,2.018053667246187399e-01,1.339764963955488719e-01,2.068809331573698285e-01,2.939286544466156448e-01,3.090254584909029600e-01,9.584035086425321537e-02,1.547686554368915279e-01,-3.925155173488105442e-02,1.370094613601617051e-01,4.115712743074206870e-02,-7.590318344506989667e-02,-3.092133546108208342e-02,1.391693176605527937e-01,2.740331732338338599e-02,4.588491063751205801e-02,-3.586594670987203193e-02,1.190951351552578669e-01,-4.442576799139587307e-02,-2.192122639392113381e-03,6.016875827914269781e-03,-4.582265128753122696e-02,3.242575907254233170e-02,8.752298700440717949e-02,1.064777716333448893e-01,9.109502048770032334e-02,-2.858029922428614866e-02,-5.213514817268184720e-02,2.633969264095781249e-02,1.005915761653710799e-01,-1.019532806762031840e-01,-7.348821882639006153e-02,9.197180034023889894e-02,-3.667393496650219603e-02,-1.587107443938891305e-02,1.049710988783919552e-02,-7.328655491690092005e-02,-2.038598504699906666e-02,-3.057174684393910991e-02,1.247929736495208275e-01,-5.379887636114216720e-03,1.104542031497241922e-01,-5.116917546308251408e-02,1.137938862693055331e-02,7.249625875370049877e-02,1.238777233090226915e-01,3.549197951507390703e-02,5.387301550429057784e-02,-5.275346485758600212e-02,2.192052219234441324e-01,-1.881440969513259454e-03,8.391325384831677114e-02
2.854569926568089056e-01,8.248344584698488746e-02,3.293345299497546508e-01,1.088623815754244661e-01,8.000000000000000444e-01,1.431768372603266781e-01,1.369577105145531326e-01,-8.560336749086949748e-02,1.716171255056853640e-01,1.814862350297687943e-01,2.543640168043143079e-01,-7.240630750330998011e-02,2.678892842017804310e-01,1.042500278470750441e-01,3.265944047670484296e-01,3.505476806416805702e-01,1.096106186961628842e-01,2.112369029564176159e-01,1.974580572670001644e-01,2.646976583982157960e-01,8.143338441718252219e-02,1.896630725895679381e-01,1.242997574091816854e-01,1.711644821208168910e-01,9.186581468196605704e-02,1.021875539531552635e-02,1.963555992020079091e-02,-1.348790453036234904e-01,3.489866557414499082e-02,-7.463935379943081871e-03,1.430466976718201555e-01,-7.172437442941498320e-02,-7.068628299013476890e-02,1.248491748486882796e-01,9.158479735611638195e-02,4.959562291483471386e-02,1.774128398906340554e-01,1.292465067777290311e-01,1.177358189437385794e-02,1.997205347923347585e-01,1.587942371256088891e-01,5.060172506268643955e-02,6.329054663023647720e-02,1.096474216450105954e-01,4.235488236404016948e-03,-1.382071678228845024e-01,3.324763310304518216e-02,-7.483812617765625563e-02,7.460983847122712453e-02,-2.673667400578005893e-03,7.887340075564172603e-02,-8.633858131979754713e-03,1.558663514178837417e-02,-1.153859063398974261e-01,8.789883709988439986e-02,1.631251275407727963e-01,2.503675088691756367e-02,2.170871949776726484e-01,5.133482249948040366e-02,-1.560494751772739108e-01,9.510349740581319766e-02,1.583016289028671419e-02,5.626267405518527165e-02,-2.566764091656084656e-02,7.727317397903907259e-02,-2.450193682290099928e-02,-2.458929728177158824e-02,6.323281549884866848e-02
1.571371894124641289e-01,1.147985602463131860e-01,9.437377222203449656e-02,2.627140679813464441e-01,1.431768372603266781e-01,8.000000000000000444e-01,2.665232597136804604e-01,5.451693903238129246e-02,8.162955985558148497e-02,1.963875182796762098e-01,-2.252314883723527394e-02,8.660059925472488040e-02,1.168819590118490015e-01,-4.931849595592338598e-02,3.911312687487011885e-02,9.622964632990380074e-02,1.271934248915723153e-01,3.303166180619318548e-01,7.887403176678531302e-02,1.529617935289956376e-01,9.671887891430221151e-02,-3.178627004249445775e-02,1.656210573235242234e-02,-1.843384535276833269e-02,2.930880043235944976e-02,3.698734077822757316e-03,-8.379775396765642981e-02,1.396980668747384302e-02,2.520958954902097204e-02,1.038153370953284749e-01,1.597936375490918992e-01,2.327153724199618190e-02,2.370363385319635141e-01,4.758633389785515977e-02,-9.139920848758258110e-02,-3.825603595724073880e-02,3.376917728663803020e-03,1.046474157850762615e-01,-3.975808644353942545e-02,4.442753307997862611e-02,-1.268629746509497003e-01,1.172438158472035308e-01,-7.294888512023364746e-02,9.023800960798156190e-02,9.264241262001941812e-02,2.985528886407788629e-02,1.128032751034914183e-01,-6.272444319137426838e-03,2.355176256599070261e-01,6.116915301033098995e-02,1.161179831804907969e-01,5.482201156337065950e-02,1.099814087667233542e-01,1.364288812363048664e-02,8.019320706537651222e-02,7.647409939654264965e-03,2.656707049473942817e-02,8.147793758938187691e-02,5.573742478964063829e-02,8.144380566883199779e-02,1.037829596397032844e-01,1.768790186456065117e-03,-3.060185737168943931e-02,1.256423585684493527e-01,6.315118107341174958e-02,-1.082879352009979007e-01,1.808426319134301408e-02,-7.758605487205579021e-02
1.565736018093248916e-01,-1.026634931880986701e-01,1.450036115193017172e-01,-3.203219995264711129e-03,1.369577105145531326e-01,2.665232597136804604e-01,8.000000000000000444e-01,8.083069547815399658e-02,-3.116619066591742870e-02,1.310985955022750948e-01,7.028552330556721295e-02,1.206161849745883141e-01,1.824254151949702973e-01,1.824663269003019839e-01,2.164235310463643591e-01,3.558388114384244960e-02,1.089324687784463952e-01,-3.102383439447266300e-02,3.194206029937614044e-01,2.969013924482284683e-02,1.430055004606873847e-01,7.693746639636717122e-02,-1.580040392950904371e-02,3.737132601021062039e-02,1.482020480604013257e-01,3.695130138243685192e-03,8.991125598198729252e-02,-1.556754831121781590e-01,1.430234333010102499e-02,-4.287165668447134870e-02,-2.316159643590226525e-02,-9.626728381179311400e-03,3.849507254002923484e-02,-6.703274455096200346e-02,-1.047850879020670312e-01,-4.529955122966596026e-02,-6.400581354895247543e-02,-1.173136729067139755e-01,7.125269829738886673e-02,1.470445138837258581e-01,-4.769401653504562466e-03,-2.473052882720155887e-02,5.617209264684375203e-02,-4.228146079525695045e-02,8.104814585404226945e-02,1.151214193601041991e-01,6.167229120524563013e-02,9.148307838286726112e-03,2.044317575367797513e-02,2.241528031472138360e-01,4.378512131246925509e-02,5.343532227377909699e-02,5.151288189686753505e-02,1.123511021856316849e-01,5.323029834726913934e-02,1.068160503784124499e-01,9.218326304916640845e-02,-1.920637957395610051e-03,-1.055830042269227664e-01,-6.101529585469619987e-02,6.511338905749314288e-02,-3.200888838071652698e-02,7.736236574042365532e-02,-1.303386298107728214e-02,-1.298365487109320870e-03,1.549081057718905419e-01,-2.610118266037925183e-02,1.395692055002779874e-02
3.960602872771230853e-02,1.712513730860676375e-01,-2.439018276475062030e-02,8.724390901085743444e-02,-8.560336749086949748e-02,5.451693903238129246e-02,8.083069547815399658e-02,8.000000000000000444e-01,3.075471105211285971e-02,1.264291097876761860e-01,2.286926119077066777e-01,7.945110665560423113e-02,9.987496055383454641e-02,1.736766159928008757e-01,-1.248986259166416785e-01,2.099015687449853340e-01,6.023700959438448022e-02,-3.811540999036341915e-03,2.067876445828098486e-01,8.571051677601740360e-02,3.154253479518697167e-01,2.350082745503909165e-02,9.447619808209448133e-02,2.698221292177284403e-02,-1.121890690056442930e-02,-7.776222153526329839e-02,-9.043417470491615928e-02,1.146042924731669327e-01,1.264805778102657263e-01,-3.498373748486333090e-02,3.150633931045188074e-02,-4.983302959297178369e-02,2.163377573371318974e-01,9.317723846240458241e-02,6.474594279589813983e-02,-1.762048479020523473e-01,-1.114742768942691975e-02,1.396076852680414038e-02,7.089897510578042905e-02,5.392509071804485465e-02,-5.606614664547626692e-02,-1.035899129854001288e-01,1.626936227439157445e-02,1.040909945066145481e-01,-9.823245567783026044e-02,-2.983741183405751174e-02,7.092340694278971569e-02,6.200881728356771871e-02,1.193321570688267441e-02,1.971288436501664187e-02,9.551084256262698524e-02,-7.175186065762712007e-02,1.555460527139701510e-02,9.784926232175433780e-02,9.076657728575113215e-02,8.374166393892579219e-02,-1.505718679878477184e-01,7.845524340481929704e-02,-3.497466021520401203e-03,-2.306025897145624892e-03,1.832611792638492720e-01,-8.533536466071607596e-02,8.298207189011261309e-02,3.105919376017107769e-02,2.036600982425473827e-02,8.504555057498203174e-02,1.170343045444450780e-01,7.266865407783737463e-02
1.464802384598610507e-01,-4.271200527850882445e-02,1.877207784895777443e-01,6.128516401176550832e-02,1.716171255056853640e-01,8.162955985558148497e-02,-3.116619066591742870e-02,3.075471105211285971e-02,8.000000000000000444e-01,6.614569351658443341e-02,1.344799229686600150e-01,2.358068744470975531e-01,1.878446840664557971e-01,5.006590415793718551e-02,1.200418398770236317e-01,4.374912000713354621e-03,1.287870585285421088e-01,2.912944974829014821e-01,3.007879630731861639e-02,2.690114961902777269e-02,-1.253829259573613353e-02,3.231635839665394361e-01,4.207872874477280867e-02,3.102676082468264207e-02,-8.859922571619577303e-02,1.980407225596395038e-01,-2.193575427888036500e-02,6.928167052025402395e-02,-1.805196613845277964e-02,1.994495432171497495e-01,-2.439110935652377687e-02,-5.378281822175097482e-02,8.787967775678423576e-02,-2.058893567256137036e-02,-4.153276941346212281e-02,1.411792246192477840e-01,-4.522089676706460282e-02,1.125751616955440737e-02,9.346474507664406794e-02,1.725187365889268853e-01,5.776576692203189145e-02,-6.173023164475754943e-02,1.097785572162330026e-01,7.226139826370323038e-02,1.931578194986721952e-01,-8.630672538681910533e-03,1.546051278392694961e-01,1.030470169299577965e-01,-2.984657482408319129e-02,1.092295158222466034e-01,7.766851110861119900e-02,1.267321006021699115e-01,-1.726373155945531701e-01,-5.387576161576018707e-02,-5.376296967847608854e-02,9.562713632287687948e-02,1.113619204244098992e-01,-5.742285778388175888e-02,2.352308656610485604e-03,1.266401665816577204e-02,8.356745128323717076e-02,9.916367199345026140e-02,1.193787924296278447e-01,7.318363290258889098e-02,6.724122341557878246e-02,8.390312111588407729e-02,-3.853752154869849456e-02,4.040456059017510926e-02
2.053325728110449999e-01,1.971448814208090761e-01,2.676514258186893369e-02,1.930276138274447661e-01,1.814862350297687943e-01,1.963875182796762098e-01,1.310985955022750948e-01,1.264291097876761860e-01,6.614569351658443341e-02,8.000000000000000444e-01,3.434579810190486748e-01,1.433722007896962580e-01,-2.650562724554024474e-02,1.639768975586569644e-02,7.012548629802990707e-02,2.024206043398866228e-01,-2.334915892350723776e-02,2.302135571410185433e-01,1.629918903429828925e-01,1.088889254072506474e-01,1.808159631806436629e-01,5.042502461153927640e-02,-6.525024788017369515e-02,-1.094107804967422992e-02,2.025086483715940466e-02,8.924880011741935515e-02,4.900720816014111914e-02,2.897809286670052775e-02,-3.708791187048177118e-02,1.389691080396814327e-01,1.511070834852362432e-01,4.871418621873818688e-02,5.469978397158938022e-02,8.762365079647950472e-02,1.216958727864321799e-01,2.242145093639270892e-01,-4.514174999912373698e-02,-1.278878934161151171e-02,-1.318972285450896453e-02,8.373823400433955122e-02,4.257589854923443662e-02,-6.312008456621079344e-02,3.305232972338943004e-02,1.749014079459490223e-01,-4.139247818442309823e-02,3.485334188348673812e-02,6.101769887370760148e-02,-6.680851434523574217e-02,-2.917171496767803629e-02,3.332101117485261610e-02,3.621421910591973020e-02,9.959754484380410611e-02,-2.439471873231618959e-02,2.137377163670350910e-03,1.729556823702370072e-01,-2.887816986248051276e-02,-1.376137997076251340e-01,1.520595566143816135e-01,2.413631274357395939e-02,-8.230258559866310275e-03,7.288358009810641525e-02,-3.243075157693889321e-02,4.450479978862420527e-02,4.012534210063070650e-02,7.875783652068404916e-02,-6.531952659352767421e-02,1.146352738283355072e-01,1.550784131491016460e-01
2.446870599348689446e-01,7.580197976325163400e-02,1.563380256530467749e-01,1.759988305402787889e-01,2.543640168043143079e-01,-2.252314883723527394e-02,7.028552330556721295e-02,2.286926119077066777e-01,1.344799229686600150e-01,3.434579810190486748e-01,8.000000000000000444e-01,2.748054973218994057e-02,5.744186714798601989e-02,1.457799210262251677e-01,1.284676789384807949e-01,1.722110567438865092e-01,2.577761107959923303e-01,1.589577771676715101e-01,2.416296105037202269e-01,2.187077830089942110e-01,2.490899781745014585e-01,2.824939959105567944e-01,1.486102736554592574e-01,-2.213006779709505989e-02,7.428381144965856553e-03,2.941480773890717271e-02,-9.809704065616584034e-03,4.044422151010343414e-02,1.062451424113959320e-01,9.437122408337683677e-02,6.961907399988281897e-03,2.614805353856053394e-04,-1.440823998728360533e-02,-8.699957696989130129e-02,5.910990322282991261e-02,1.553952662870783374e-02,-2.850642703142866607e-02,1.156687544157218583e-01,-2.555613215329230470e-02,8.543438453266258281e-03,9.226875705011455819e-02,1.139726758277982421e-01,1.340788429344337285e-01,-1.139356266619684366e-02,-9.581434993300613767e-02,1.844107924833909840e-02,1.297450910300947391e-01,1.753333343255342180e-02,1.424544854376649239e-01,3.995862377143613586e-02,8.023617447972711259e-02,3.225112925021939025e-02,1.219866661060501900e-01,-1.989099534794652735e-02,2.571739416679812151e-02,4.868939680159772854e-02,4.344093959939096528e-02,-5.467862094972876508e-02,1.119168196530445636e-02,5.294295709539481587e-02,1.081678220425702497e-02,-1.133147651531135891e-01,-2.679652265267866429e-02,5.251481631677316908e-02,1.059543715184239066e-01,4.771186885628361796e-02,2.243224691541612081e-02,-9.150192421274155885e-03
1.193550390809209744e-01,2.000706914724247887e-01,2.792784180190293619e-01,1.712178734081577225e-01,-7.240630750330998011e-02,8.660059925472488040e-02,1.206161849745883141e-01,7.945110665560423113e-02,2.358068744470975531e-01,1.433722007896962580e-01,2.748054973218994057e-02,8.000000000000000444e-01,3.131140359839097720e-02,2.144474822581310114e-01,-1.300302189679418685e-01,1.255015239457512588e-01,4.345848880783651641e-02,1.217505976777050469e-01,-5.463871090674990438e-03,2.252095521280548240e-01,2.482752609597005944e-01,7.223004081437785218e-02,-1.276732214435412072e-01,1.118772193107571422e-01,9.715947894146212405e-02,-2.407099575117038759e-02,-3.005857422136158641e-02,1.703709922228457962e-01,8.207823189803481467e-02,8.112657702332801146e-02,1.047752746571331689e-01,1.810900276381488538e-02,1.156781482527927674e-01,-5.869376904998030442e-03,4.644068025139419520e-03,-5.373472351709526751e-02,2.342350288847751261e-02,1.347197272351250974e-01,1.306795566493684779e-03,4.710044884167989554e-02,1.756216412864092247e-02,1.004993523575419268e-01,-6.414073517545278158e-02,1.213501044235361648e-01,4.293626168738776810e-02,1.853276385635621581e-02,1.087435137148787256e-02,-2.033189650842356921e-03,4.040832338350566766e-02,1.525665953969807531e-01,-8.789607854219014249e-02,7.600553900609963165e-02,6.696496074374916341e-02,1.218243529764267974e-02,-5.179993749808776971e-02,-1.153040998724644273e-02,2.874473173185143615e-02,1.400015698367943484e-01,-1.735021945396674758e-01,3.517150189494516743e-02,1.465675237355234389e-02,4.842220101664896498e-02,1.297155050509407048e-01,8.203963015158577399e-02,1.032379225966731512e-01,9.546789263788607593e-02,1.987641275820309361e-03,3.193233766267469798e-03
7.640550999114983921e-02,1.810808525554992721e-01,7.947995618943998197e-02,2.076608466250053908e-01,2.678892842017804310e-01,1.168819590118490015e-01,1.824254151949702973e-01,9.987496055383454641e-02,1.878446840664557971e-01,-2.650562724554024474e-02,5.744186714798601989e-02,3.131140359839097720e-02,8.000000000000000444e-01,-1.310325774948983835e-02,1.978032107644562276e-01,2.374983884433379822e-01,-7.220565933538466985e-03,2.050988214271356191e-01,9.519740526706740869e-02,1.782648594351298188e-01,7.605289828871482360e-02,3.175223038252250607e-02,2.334383102249906750e-02,-5.981325743882912049e-02,-4.160946087700320706e-02,3.118750512427113930e-02,-4.968974508441470483e-02,8.326553232959313378e-02,2.074923729426503272e-02,2.730838678924710217e-02,-2.436196993565148405e-02,-4.650682111890017123e-02,5.550228581632751790e-02,1.745646232338216031e-02,7.057105412402436828e-02,7.261367654993922116e-02,-1.001816383074915773e-01,-4.483471247789347358e-02,1.851149716774820597e-02,9.953315669975155988e-02,6.440297320381233037e-02,1.858871260558575544e-01,9.307920332919744633e-02,5.667622529647588919e-02,3.960435225562550232e-02,5.698031075435455728e-03,-9.294991279467143541e-02,7.230433544690478831e-02,4.091900876099946460e-02,5.066730960382424820e-02,1.218427931774727913e-02,-3.214351184259367500e-02,4.963115822656656573e-02,-4.653201014575332473e-02,1.631662460007771154e-01,6.283403359553092760e-02,-5.475512975944590854e-02,1.981230941799499989e-02,-3.303665100487025719e-02,5.063196846293971376e-02,7.922893179825571397e-02,-8.423933849729520196e-02,9.846822586730172300e-02,3.529013914587664225e-02,7.083790248036000992e-03,8.653772369697795841e-02,1.100580811734959835e-01,4.499714649168651270e-03
3.517340645597372140e-02,1.969224945365214141e-01,1.429028556059413757e-01,6.082743911954657801e-02,1.042500278470750441e-01,-4.931849595592338598e-02,1.824663269003019839e-01,1.736766159928008757e-01,5.006590415793718551e-02,1.639768975586569644e-02,1.457799210262251677e-01,2.144474822581310114e-01,-1.310325774948983835e-02,8.000000000000000444e-01,1.147133540217340208e-01,1.300048733383519228e-01,3.191637114291259736e-01,2.715527276995066686e-02,2.024528372976155260e-02,1.135007707059509374e-01,1.997747040714372146e-01,8.554016299690468672e-02,5.958997844028980639e-02,1.494521222601574717e-02,1.381535655451487932e-02,-1.483567207860073678e-01,-5.041811360859849156e-03,-2.969645975644152891e-02,-1.792233250912764198e-02,3.141114705066228030e-03,-4.748974336027031451e-02,8.013875788212460050e-02,-3.987837454003714810e-02,-2.583178021102047750e-02,1.569803857523738300e-02,-1.598122156889481005e-03,9.624854125672874239e-02,2.338049482217247066e-03,3.248381145566163475e-02,2.066231684210226294e-02,1.069874169687130977e-01,1.419836128247108642e-01,-2.410407859630413208e-02,5.951740012606350494e-02,1.091467733519813355e-01,1.342084418343914010e-02,9.305418411878127460e-02,2.221689048442393455e-02,-4.779269191850701870e-02,-9.323961066797975539e-02,-8.461018200292830249e-02,-1.677989933810311585e-02,-6.087315370456594654e-02,1.250071628208507257e-01,1.663971514906463500e-02,1.362873127063216061e-02,-3.436965601734458253e-02,-2.294370461956707352e-02,6.480216372042285622e-02,4.158349856700017944e-02,-2.254487909186467243e-02,9.085573129987117857e-02,1.652904052828765291e-01,1.155495626723169744e-01,9.526991503144677242e-03,-1.229199324822957545e-01,1.577688253481264735e-01,1.250189699077465522e-01
8.128520504067976438e-02,2.117907285226721115e-01,3.658944151428808467e-02,1.617751139548309625e-01,3.265944047670484296e-01,3.911312687487011885e-02,2.164235310463643591e-01,-1.248986259166416785e-01,1.200418398770236317e-01,7.012548629802990707e-02,1.284676789384807949e-01,-1.300302189679418685e-01,1.978032107644562276e-01,1.147133540217340208e-01,8.000000000000000444e-01,1.758045509584401367e-01,-1.464068723026781815e-02,9.191685251034864557e-04,2.759589909927041840e-02,-1.967496322154316246e-02,2.413005564882922949e-01,1.957907899363906523e-01,1.081036474946811266e-01,1.233310134450790740e-01,4.601600916294829036e-02,1.431408480527018856e-02,6.798737705212853921e-02,2.038882980431639680e-01,-1.154384268456401519e-02,-8.212846597683551297e-03,1.363210198762707936e-01,3.380633379642661307e-02,1.727189170642017546e-01,4.850709633205416149e-02,-3.426578448253482512e-02,-8.145481150993061359e-03,1.273533150472845321e-01,-3.622090823353996125e-02,2.306658298302482202e-01,1.544269826869545947e-01,-5.594154645489596289e-02,2.690235751414668530e-02,5.026938845719462062e-02,-3.927666442167490612e-02,1.619793131881278048e-02,9.044025195557600649e-02,7.779312827531617569e-02,7.542300847481461790e-02,1.488261274812224810e-01,-2.736000623018090827e-02,-5.727618695228026136e-02,4.779981208280492666e-05,1.512368892231248374e-01,-6.782620372554190591e-02,2.899269280820077413e-02,1.708070720627684058e-01,-1.774725768031110151e-02,1.130520741928908723e-01,3.584226100897081047e-02,-1.045208264595514636e-01,1.123246065935231131e-01,1.339741001541463472e-01,3.402136443612180372e-02,-6.775933806193172593e-02,-9.374546850908493933e-04,9.333805297211621166e-02,6.165072738310443945e-02,-1.034483757092946599e-03
1.609793649000132998e-01,6.621114842862992067e-02,1.200807474065866964e-01,2.042482744250190829e-01,3.505476806416805702e-01,9.622964632990380074e-02,3.558388114384244960e-02,2.099015687449853340e-01,4.374912000713354621e-03,2.024206043398866228e-01,1.722110567438865092e-01,1.255015239457512588e-01,2.374983884433379822e-01,1.300048733383519228e-01,1.758045509584401367e-01,8.000000000000000444e-01,1.863304114747695306e-01,2.016004784288353280e-01,1.169688487163582369e-01,7.608069304120343435e-02,9.050144862097248000e-02,6.878665384180951414e-02,9.435627574098851000e-02,9.173901334553608011e-02,-8.266310444986511852e-02,4.223332206800931021e-02,-1.937927051020624236e-02,6.772003963977257790e-03,4.218579466956615120e-02,1.628837076202653833e-01,-1.084081107656206799e-01,2.570803664297312274e-02,5.368011830091914960e-02,-3.443484676166445879e-02,-8.264778425088893654e-02,-9.562838080792640527e-03,2.553369857552008348e-02,-2.827907648135269403e-02,7.125328597264335428e-03,-7.196068488338505653e-02,-7.157483347377985305e-02,5.391470341210494177e-02,-6.079102395840439710e-02,7.915180166918385496e-02,4.197610898383669076e-02,2.993435548233783217e-02,-1.238683954611585203e-01,6.753235182800769454e-02,-6.710999281875684730e-03,1.996791848209845954e-02,2.991367828610759505e-02,1.815311983510840277e-01,8.833794657496890634e-02,1.299797110366815445e-01,7.156969075794163138e-02,-2.576494797475303855e-02,7.012971460732535245e-02,4.481453615363413523e-02,-1.192857198022537479e-01,-2.613481903515613158e-02,-1.110557340007393562e-01,8.728634846584734652e-02,1.077805037493498874e-01,8.379213613044735054e-02,5.220760936022980636e-02,1.427001401548612103e-01,1.387862058028691559e-01,9.550444403543734140e-02
1.950893969641419590e-01,2.184495204866806761e-01,1.967422539017534555e-01,1.891429318082816224e-01,1.096106186961628842e-01,1.271934248915723153e-01,1.089324687784463952e-01,6.023700959438448022e-02,1.287870585285421088e-01,-2.334915892350723776e-02,2.577761107959923303e-01,4.345848880783651641e-02,-7.220565933538466985e-03,3.191637114291259736e-01,-1.464068723026781815e-02,1.863304114747695306e-01,8.000000000000000444e-01,-2.154229494901890862e-02,2.358786255641746876e-02,1.328515730620785651e-02,-1.125443530293873673e-02,6.162244971295369189e-02,-6.116783436194858647e-02,2.487637791263055953e-02,-6.425022663034643533e-02,5.728521447523332588e-02,-5.250972184920862929e-02,1.426989266282246427e-01,-1.249958511109628828e-01,-1.020316603933410504e-02,3.113855367447709854e-02,1.033153371543557020e-01,-1.462092720949362268e-02,-5.533238498411507944e-02,-1.265829888463131381e-01,9.466067779729185616e-02,1.026203862396713185e-01,-6.892056045956079791e-03,2.429833734579070481e-03,1.051122781674710821e-01,1.152014277877879411e-01,2.380693324783612896e-02,1.005963089102501762e-01,1.111501913796321267e-01,1.723911329004000070e-01,-6.322336045013415839e-02,8.855506310815774995e-03,-7.827866046911019504e-03,1.332684153431363538e-01,-3.924291292521783769e-02,-5.131238668586857177e-02,1.059513314872790463e-01,2.349079921664938009e-01,6.716488278656493338e-03,-7.208546247002527163e-02,1.297465143502465335e-01,6.780429887862152172e-02,1.558294456254486204e-01,6.994657900067068057e-02,1.647277244494957937e-01,1.019563475745356163e-01,8.688492058510063898e-02,7.678479926896859820e-02,-3.343620108939274194e-02,9.379729871372000094e-02,-7.933044471190084379e-02,-7.669633851676169178e-02,1.057363079367690251e-01
2.381320853925599501e-01,1.096216471996554892e-01,2.458627659505407959e-01,2.018053667246187399e-01,2.112369029564176159e-01,3.303166180619318548e-01,-3.102383439447266300e-02,-3.811540999036341915e-03,2.912944974829014821e-01,2.302135571410185433e-01,1.589577771676715101e-01,1.217505976777050469e-01,2.050988214271356191e-01,2.715527276995066686e-02,9.191685251034864557e-04,2.016004784288353280e-01,-2.154229494901890862e-02,8.000000000000000444e-01,-1.775729864640734901e-02,1.508106090349912165e-01,1.544830619415156203e-01,3.062938069632802351e-01,2.982800173274738342e-02,-3.623898892273910710e-02,3.124590554476990023e-02,1.076953979845402254e-01,9.343544928751700007e-02,4.906525932992096550e-02,6.034102590365997276e-02,1.988598714432970871e-02,-1.528309048068642040e-01,3.006765966304453253e-02,7.662682194740491615e-02,8.250775185158172598e-02,-1.070810228941268538e-02,6.538284656676562889e-02,7.231472652894815889e-02,-6.715570202991580362e-02,-9.438552784181450384e-02,1.523374258956865512e-01,6.534087985061726167e-02,-7.063688669712547830e-03,-5.100565128383967306e-02,-2.182962050306300195e-02,-7.662295078834475970e-02,1.460126793223109343e-01,1.630862780329433992e-02,-1.149822337403376277e-01,-2.313739049733773423e-02,5.449756311484270366e-02,1.847451948261862875e-01,8.289361091274116689e-02,-8.753889657914837308e-02,-3.218970497779835571e-02,8.464232586830183758e-02,4.536055206920677763e-02,-1.223880283767673771e-01,-1.473502850615786286e-02,1.515122154386153164e-02,-2.526051127740355784e-02,1.977619559527481197e-02,-2.140708774267639780e-02,1.391341355498405541e-01,6.415394628585861792e-02,2.638803504393280597e-02,-7.086449785272135038e-02,1.191793511102789971e-01,5.950414232417344795e-02
1.245632727577677401e-01,2.433063698889386117e-01,1.219612026590928960e-01,1.339764963955488719e-01,1.974580572670001644e-01,7.887403176678531302e-02,3.194206029937614044e-01,2.067876445828098486e-01,3.007879630731861639e-02,1.629918903429828925e-01,2.416296105037202269e-01,-5.463871090674990438e-03,9.519740526706740869e-02,2.024528372976155260e-02,2.759589909927041840e-02,1.169688487163582369e-01,2.358786255641746876e-02,-1.775729864640734901e-02,8.000000000000000444e-01,2.992886675804480312e-01,1.457027949507967435e-01,1.184257447787819828e-01,-3.731223776111838863e-02,1.829728887559208816e-01,1.111547012362796294e-01,7.106164903401623878e-02,-4.764430840720826343e-02,-4.337727961817461342e-02,4.327646603643792167e-02,7.446075216239358974e-02,-2.182415417975455685e-02,7.881049078955454368e-02,3.344120426109309374e-02,-2.338709050411749701e-02,1.488575758196197252e-01,-8.587689119066163612e-02,1.441192086059397415e-01,1.618023175238994527e-02,7.052376149322603371e-02,-5.943078532031925709e-02,-5.260488611261940339e-02,6.232088646496559969e-02,-2.321624953333648045e-02,2.923181893538268072e-02,2.369708370376069628e-02,-3.797579981079740596e-03,-3.749638999704490994e-02,8.491446869710675416e-02,1.496191960736810156e-01,-3.840252860143333891e-02,8.993787935050774618e-02,-4.356618053813724606e-02,-1.989353254493776701e-02,8.708483954454934728e-02,-7.796170353375961315e-02,-5.616041183441633500e-02,1.962086137996411073e-01,8.891134803349033666e-02,1.899191784127992055e-01,4.199184101352086695e-02,1.421252808710588011e-01,9.982323446989858906e-02,3.380675542494313013e-02,1.399441354649705316e-02,-9.613898772823023520e-03,6.377960934506629598e-02,1.209257194651534306e-01,-3.340494519075659641e-02
2.084001121137080692e-01,1.534700622118431168e-01,2.177809911615297689e-01,2.068809331573698285e-01,2.646976583982157960e-01,1.529617935289956376e-01,2.969013924482284683e-02,8.571051677601740360e-02,2.690114961902777269e-02,1.088889254072506474e-01,2.187077830089942110e-01,2.252095521280548240e-01,1.782648594351298188e-01,1.135007707059509374e-01,-1.967496322154316246e-02,7.608069304120343435e-02,1.328515730620785651e-02,1.508106090349912165e-01,2.992886675804480312e-01,8.000000000000000444e-01,1.445458560262170011e-01,1.747307091065933016e-01,-6.768349153994417111e-02,-9.646682825294958241e-02,-2.398808202683479218e-02,-6.958645840576080377e-02,1.454655574098371873e-01,-1.546786918121090260e-02,-4.432231826848505307e-02,1.683522187386473634e-01,4.645149183315655517e-02,1.793578872858798967e-02,4.686715775132863082e-02,4.525600143671890119e-02,1.093937650615952328e-01,-5.502713188980462578e-03,-1.070208320876886443e-01,9.261155210336324828e-03,3.973256641907675635e-02,-2.895179518235430072e-02,7.812826150331393660e-02,7.374374335813867198e-02,9.254122633440377277e-02,-4.366303005399270465e-02,1.461286641532056896e-01,5.785087667056282301e-02,1.903798865743405733e-03,-4.713733498399749755e-02,-4.190725162897041001e-02,2.012876385461240258e-01,-8.517177874818457339e-02,2.489286788196437561e-02,-7.683078653730629481e-02,-7.758703124728712208e-02,-1.240290442292568684e-02,9.039279356745505423e-03,4.973428028358939379e-02,7.373800605636397776e-02,1.644837975083957016e-01,-9.877223898887693698e-02,1.768113744227047812e-01,2.656828054423179819e-02,2.649468284724627865e-02,5.799153288611366697e-02,1.747442235747602157e-01,4.110624585706526557e-02,8.265533265403546270e-02,9.597838541164617487e-02
9.718323572972006885e-02,1.745488331301819351e-01,2.543270640392772952e-01,2.939286544466156448e-01,8.143338441718252219e-02,9.671887891430221151e-02,1.430055004606873847e-01,3.154253479518697167e-01,-1.253829259573613353e-02,1.808159631806436629e-01,2.490899781745014585e-01,2.482752609597005944e-01,7.605289828871482360e-02,1.997747040714372146e-01,2.413005564882922949e-01,9.050144862097248000e-02,-1.125443530293873673e-02,1.544830619415156203e-01,1.457027949507967435e-01,1.445458560262170011e-01,8.000000000000000444e-01,2.018906108741026773e-01,-7.029946326967587145e-03,2.221108497527009285e-02,-1.879385020902318848e-02,1.676592264229613272e-01,-3.142207106131831434e-02,4.332341661945986189e-02,-6.259282843408650598e-02,2.729009782655424099e-02,9.113024252601267805e-02,6.728664714891573195e-02,6.668623306487138358e-02,1.273654768595684772e-02,1.856177968120790722e-01,9.915866481966614798e-03,-7.009864310178884339e-02,9.399042187285581995e-02,8.622732463414202464e-02,-6.151620343127266188e-02,1.129977377684287243e-01,-5.711531541556741365e-02,2.956789947626309312e-02,7.246711179166995254e-02,-3.688999340102477875e-02,9.636323802639462643e-02,1.937560619407378004e-01,-7.198406030244657028e-02,-8.344033012359558521e-03,4.153387650105255791e-02,3.504194203782347306e-02,-2.746480517725885528e-02,9.161685228282799576e-02,-2.641327712863758559e-02,-2.930932266054141200e-02,8.021245608157681617e-02,8.761610390848451058e-02,-1.396097249328376311e-02,-2.588639549904615811e-02,5.944563230774067841e-02,7.089753962076238147e-02,8.310918421522886512e-02,9.227564168732638183e-02,-2.846944701938389222e-02,-2.713036192963513837e-02,-4.272335154178963368e-03,-1.968862434871598843e-03,5.079238458621940233e-02
1.416337071461203356e-01,2.346011088928520727e-01,-1.065019998937512813e-01,3.090254584909029600e-01,1.896630725895679381e-01,-3.178627004249445775e-02,7.693746639636717122e-02,2.350082745503909165e-02,3.231635839665394361e-01,5.042502461153927640e-02,2.824939959105567944e-01,7.223004081437785218e-02,3.175223038252250607e-02,8.554016299690468672e-02,1.957907899363906523e-01,6.878665384180951414e-02,6.162244971295369189e-02,3.062938069632802351e-01,1.184257447787819828e-01,1.747307091065933016e-01,2.018906108741026773e-01,8.000000000000000444e-01,-2.990286542381176416e-02,-4.734708606764331806e-02,-2.997020237356956551e-03,-5.470556991202378538e-03,1.931477049349598907e-02,7.453913655719443532e-03,-9.384944904887808359e-02,1.980619341743874440e-01,-1.019002768848467633e-02,-4.012209644983062012e-02,-6.127746016482511771e-02,7.910997733372743257e-02,-4.880580796518674269e-02,7.331113048964252310e-02,-8.056280133319210224e-02,7.812458080108580782e-03,5.101920523879971414e-02,7.561545336625313807e-02,1.117478056529293551e-01,6.199353821410180654e-03,-1.714926836159891277e-01,1.939387180209160566e-01,1.165127680146395839e-01,-5.920563759328864584e-02,1.997386486312530129e-01,1.314536809296180386e-01,9.665570810390325396e-02,-7.517926401457292185e-02,1.309673844260652031e-01,-5.004443737659072799e-02,1.274812833633291731e-02,-4.181480236398853190e-02,-8.032775189042551389e-02,1.388528766854121299e-01,6.027971636318957271e-02,1.634631442636422238e-01,6.582888415478864441e-02,-2.947529915271945855e-02,-5.378864721430123841e-02,-7.908577733025243250e-02,-1.437456300431244893e-01,1.244256447972687252e-01,1.504968366667682189e-01,8.096014354788549916e-02,8.305805985061606722e-02,5.053842601522642863e-02
1.843643005763914711e-02,5.209565892623796435e-02,7.964666690575525343e-02,9.584035086425321537e-02,1.242997574091816854e-01,1.656210573235242234e-02,-1.580040392950904371e-02,9.447619808209448133e-02,4.207872874477280867e-02,-6.525024788017369515e-02,1.486102736554592574e-01,-1.276732214435412072e-01,2.334383102249906750e-02,5.958997844028980639e-02,1.081036474946811266e-01,9.435627574098851000e-02,-6.116783436194858647e-02,2.982800173274738342e-02,-3.731223776111838863e-02,-6.768349153994417111e-02,-7.029946326967587145e-03,-2.990286542381176416e-02,0.000000000000000000e+00,-1.510842024597819355e-02,5.602099820919012596e-02,-7.156234277416659295e-02,5.967369180299281206e-02,-1.800171082232510100e-02,9.571633580467292512e-02,1.717846762510181202e-01,-2.937419701179544429e-02,-1.351502562670732210e-01,3.326885402311921536e-03,7.405293036550078534e-02,2.832735225574876947e-02,9.602235218022776853e-02,-2.647855828045028725e-02,1.326708847090263821e-01,-1.676781492891341041e-03,-3.996990090983204569e-02,-1.272880243269064460e-02,-4.216764271702838629e-03,3.432749239390864293e-02,-6.288400343595459963e-02,8.797284670022238739e-02,-1.169448726873139471e-01,-4.310377472037471569e-02,5.789329866889769693e-02,-6.100356859636950346e-02,-3.297662061874090389e-02,-2.231064731420570602e-02,3.032367139646677257e-03,2.441917161840381767e-02,5.090684425369683408e-02,2.850974429483624228e-02,-1.131661063956420493e-01,1.397400886628607369e-02,3.229882739290787508e-02,1.318591216864732074e-01,5.561981276543734309e-02,-5.153830142506876655e-02,1.024908756993446468e-02,7.723006547161573310e-02,1.141248523532088638e-01,-6.958540874894503236e-03,7.508609103279859087e-02,7.798186894981876116e-02,-5.245539160111145627e-02
