1.500000000000000000e+00,2.959219098256559155e-01,1.838145647118073489e-01,2.616513412592049725e-01,1.950324956455621594e-01,1.626987607256786816e-01,2.877539130774185994e-01,1.956071022284878724e-01,1.479966601160314366e-01,2.017362254448544223e-01,2.932587167057792987e-01,2.492251802976860608e-01,3.564445327154596582e-02,2.713557032625085741e-01,9.739671262331561774e-02,5.460749580205502551e-02,2.955902686970873772e-01,1.593092941695806175e-01,2.295677302782520302e-01,3.409187143529776032e-01,3.173215177642175755e-01,2.300240366143345705e-01,1.529481029653824153e-01,2.732066048335153319e-01,5.100479152056292681e-02,1.676935470216376067e-01,9.533772712987742537e-02,2.352347449846694527e-01,7.936150814506244544e-02,3.979216654810235204e-02,5.982430053169672524e-02,6.011809921584376770e-02,1.875513187692620098e-01,1.979581036303548758e-01,1.992998924035319086e-01,1.941674027791483736e-01,2.036289621386649651e-01,1.055473084288481300e-01,3.792846287715866127e-02,1.481791756391004355e-01,1.391695366668751765e-01,1.314105822042964111e-01,7.710931247646163333e-02,1.741809770031802485e-01,1.242454932034428305e-01,2.860190605798219599e-01,1.312947477103315885e-01,9.539047633878250387e-02,1.633416824635907094e-01,2.873127288510936572e-01,1.026424251823358225e-01,2.423175734001752346e-01,6.648780941096026076e-02,2.439925247272072828e-01,1.743224994877988765e-01,2.661791903611956944e-02,2.481420377528780474e-01,2.517165682817706918e-01,4.215971697439205301e-02,9.899353189339760162e-02,1.258936432985973131e-01,4.441839764966457049e-02,1.225149654285905554e-01,1.316179181308510526e-01,1.925549483850972354e-01,2.442890889338809046e-01,1.668197972420202846e-01,1.509935287657428460e-01
2.959219098256559155e-01,1.500000000000000000e+00,1.042709132037598907e-01,2.654282264725686957e-01,1.758054783529258425e-01,2.125403703491807739e-01,1.479651929294650836e-01,1.858468727005836429e-01,2.160950794442718093e-01,2.124825929066878061e-01,3.832380892964824537e-01,3.088191421276286208e-01,2.030133780553166623e-01,6.086700319371698281e-02,1.757869864077533650e-01,1.178285948560551244e-01,1.387653792388825469e-01,2.351656956957441924e-01,2.997621593475183199e-01,3.223535864074020818e-01,1.504587810888988186e-01,3.395212841306881613e-01,1.527635221896902484e-01,3.190501989706891195e-02,1.188295287313056725e-01,2.149404880733824241e-01,2.179660101913730164e-01,2.401977063564547099e-01,1.868041599361333904e-01,1.230792893706873503e-01,2.418490484677673358e-01,7.243157058088336986e-02,1.390414552358142375e-01,7.433636700226317617e-02,2.693402228143890742e-01,2.435643493441623786e-01,1.283024119603287938e-01,2.017584453579053250e-01,1.799236497218079933e-01,1.835228676446910567e-01,1.275690655046078370e-01,1.197439369239897133e-01,2.386369553905428598e-01,4.074915399226716750e-02,1.331182124796202182e-01,1.805237165806635735e-01,1.757217422229553627e-01,1.274713559556232279e-01,1.403970097111233994e-01,1.348604475859450647e-01,1.771794049927444270e-01,1.648881329525994921e-01,2.348917616162168320e-01,1.546200094549906034e-01,1.124442092527585119e-01,7.423795284239009806e-02,1.142242420757242638e-01,2.330459784092708819e-01,1.757247800367080504e-01,1.814685296629301170e-01,1.286447209834558625e-01,4.878567002102870975e-02,1.311747903029992224e-01,1.252947780755301332e-01,1.415175839926784696e-01,6.920266933086459404e-02,1.570401855704646188e-01,1.383239316199801616e-01
1.838145647118073489e-01,1.042709132037598907e-01,1.500000000000000000e+00,7.758155638144868804e-02,2.598491354618767124e-01,1.941758092857150397e-01,3.497918406302741312e-01,1.171201688997379753e-01,1.083686002452874247e-01,2.065370088345770405e-01,3.306400211972408965e-01,5.631667220434866117e-02,1.606709095311863733e-01,3.041492243033827592e-01,2.125357989242219192e-01,3.228415560783080562e-01,1.451427772817984185e-01,8.135804026043916282e-02,2.083041243705194001e-01,2.264690736367598878e-01,3.988226357152312440e-01,1.859625246805164389e-01,1.167940086176206677e-01,1.413710839129743990e-01,2.732256736923117657e-01,2.591126348233703802e-01,1.928364014239836999e-01,1.017598319085357972e-01,2.139830117388111241e-01,1.783445823991071655e-01,1.721574841249945975e-01,2.053688398479602273e-01,2.422129744918933292e-01,2.023799215561346287e-01,1.803049294428553384e-01,9.238348503895514596e-02,1.241067377874344700e-02,1.122817341202801966e-01,2.049221586276558926e-01,2.213367379996505069e-01,1.417963873426961730e-01,7.653047100826265714e-02,5.464948119100439261e-02,1.294508069085636981e-01,7.703274864474274342e-02,7.701218985386257265e-02,1.392400333023264825e-01,1.137338839034046922e-01,7.442693159021657179e-02,9.783043030473877189e-02,1.855991404258769961e-01,9.270260941279102884e-02,1.242453716020556626e-01,5.255857884913255063e-02,1.541696957878319341e-01,2.075627912484397375e-01,1.039099609608750696e-01,1.937366712129208746e-01,6.919592490050729960e-02,1.791041024693147132e-01,2.535307994516399765e-01,1.602683222019193193e-02,1.525350005266426223e-01,9.798456186648672739e-02,5.521904461539328679e-02,2.069198991532667509e-01,1.209315381854843274e-01,1.349932993782141377e-01
2.616513412592049725e-01,2.654282264725686957e-01,7.758155638144868804e-02,1.500000000000000000e+00,1.215144947528115360e-01,2.264511461888233101e-01,2.814413518509956691e-01,1.210809987226025980e-01,1.348249746980418329e-01,3.378713688100343226e-01,1.434861318190528423e-01,1.862379914731720487e-01,2.466628392701283867e-01,2.613150437066014686e-01,3.407052212168057426e-01,3.091416814561409043e-01,7.331892504229298169e-02,2.331480002225232717e-01,1.921024932640099103e-01,2.396569911991376089e-01,2.061081657772520503e-01,1.872778530943074449e-01,1.786890916031889653e-01,8.475665661145373453e-02,1.210425103366987859e-01,9.714011400036932919e-02,3.735097511405027076e-02,4.619189498207073447e-02,2.281351032815128743e-01,1.437521543233078181e-01,1.106478215669378651e-01,2.665878969263839049e-01,1.360656406836397159e-01,2.350942570800853837e-01,1.386761862181172256e-01,7.815768634993944253e-02,1.541099833780493755e-01,1.492764788213927218e-01,5.739252112186445098e-02,1.212564081965635948e-01,6.112952601801351776e-02,2.240357741979309147e-01,8.180211007324862671e-02,1.701960849930115593e-01,1.315164770203270106e-01,1.842422296115809321e-01,2.359339023435149674e-01,1.771300248932517474e-01,2.324485000361586340e-01,1.580594587829942388e-01,2.179347942557140760e-01,2.252042711303132438e-01,1.333037909007062927e-01,2.468846849305138536e-01,1.768776521170865590e-01,1.776479911784746013e-01,2.961295322333206553e-02,1.554926468110012505e-01,1.780736823621722198e-01,1.426801220191264707e-01,1.932306443036752031e-01,1.240867673409857819e-01,1.171265085551219526e-01,1.562943268224339100e-01,1.011522654212883565e-01,1.501446700315242078e-01,8.961332462114038333e-02,2.398410096219931731e-01
1.950324956455621594e-01,1.758054783529258425e-01,2.598491354618767124e-01,1.215144947528115360e-01,1.500000000000000000e+00,2.197851490841317978e-01,2.326845185493812973e-01,8.316097013156291406e-02,1.599978364992556135e-01,3.116328239461914063e-01,1.688450770123830491e-01,3.486344663538573085e-01,2.492419240546815407e-01,2.262878108276839551e-01,3.132542037159875559e-01,1.777260918259228051e-01,2.486272223305988627e-01,2.058820144651405948e-01,3.260055625462572326e-01,1.041093118199361151e-01,3.069596793556004233e-01,1.375659417812317709e-01,1.109466314097948131e-01,1.468914037501899417e-01,4.253858526836756804e-02,2.218089303350933017e-01,2.123619392234799563e-01,1.638956609183173652e-01,1.383844691848720443e-01,2.626068297193621115e-01,3.173421424031849791e-02,1.784043989263816854e-01,2.486919247663134935e-01,1.804347902722407138e-01,6.689908671657347761e-02,9.609061626291703906e-02,1.440741014645734452e-01,7.223726958291856737e-02,1.755846361735244610e-01,1.840203393663922271e-01,1.281009562444667682e-01,1.880749894844508663e-01,1.258749593613643358e-01,1.202526696904658854e-01,9.446570742108804930e-02,1.339630564502858057e-01,1.709265142774978319e-01,1.811663105801304408e-01,1.311649179366264628e-01,8.211317003660772301e-03,6.223597972339911522e-02,1.686265424284179026e-01,2.051032224940183002e-01,1.959582442177941197e-01,2.215110898471751577e-01,9.347057894473835560e-02,1.445711904835757788e-01,1.581580466875921465e-01,1.913854461258138739e-01,4.936694288115819895e-02,1.871058480179879080e-01,1.540798558998224266e-01,1.463478891495297585e-01,2.123495921909506201e-01,2.040883288228589887e-01,1.045125711527890022e-01,1.480121028194528732e-01,2.378319432061226091e-01
1.626987607256786816e-01,2.125403703491807739e-01,1.941758092857150397e-01,2.264511461888233101e-01,2.197851490841317978e-01,1.500000000000000000e+00,1.061321979198269483e-01,1.102591863739968703e-01,2.468885848124843796e-01,1.185362075631270773e-01,2.058064051199200994e-01,1.501654444335287220e-01,2.153908603353071050e-01,2.224519531452975318e-01,2.130676417127246036e-01,2.353389681669290912e-01,2.984609336204200325e-01,2.880424010289440173e-01,2.846947729211684042e-01,2.754270663300227850e-01,2.969729521853913257e-01,2.114289597318684821e-01,1.333819552727978364e-01,2.111332384660366546e-01,1.497725502418285615e-01,1.414236000801049331e-01,1.955723558165247122e-01,1.479710126392423941e-01,1.194201577445795637e-01,2.397768124976925042e-01,8.287272284461087712e-02,1.459076839698484618e-01,2.243680765225525842e-01,1.398425291131057957e-01,1.400880488574714200e-01,2.367355854852263852e-01,1.610017131719084227e-01,1.718168014401174337e-01,1.080419531892487239e-01,1.631614689368978688e-01,2.932957297876711555e-01,5.119822707230166359e-02,1.901192137756109179e-01,1.093589128475227212e-01,3.743914834184165763e-02,1.697446564578306005e-01,2.671243576380187834e-01,1.527116267387078063e-01,2.309156087617226516e-01,1.325473353890380124e-01,2.363470473237754277e-01,1.092213621667021684e-01,1.766972923830736064e-01,1.596955980740026870e-01,2.066494481939453176e-01,1.997490764185058942e-01,2.142597048930595105e-01,6.576920218405023222e-02,1.227523470263389704e-01,1.183879751505012984e-01,1.001260250048357364e-01,2.869655169624909380e-02,1.487917061496187854e-01,2.138991468172838917e-01,2.350959954533047014e-01,2.065633572551575647e-01,1.578784862982317017e-01,1.209275471863671125e-01
2.877539130774185994e-01,1.479651929294650836e-01,3.497918406302741312e-01,2.814413518509956691e-01,2.326845185493812973e-01,1.061321979198269483e-01,1.500000000000000000e+00,4.100372901119967439e-01,9.438294598125190893e-02,2.274100947595301403e-01,2.658394459817823852e-01,3.918955492032483168e-01,3.572600846322550039e-01,1.871995811440638202e-01,3.085233034876490033e-01,1.722391981406725947e-01,3.256108505691987509e-01,1.661219769380856692e-01,3.282492216163654386e-01,2.174951925122433904e-01,2.091641752136215726e-01,1.679531623046643940e-01,1.547037211801206291e-01,5.941594288514234767e-02,2.056952571604436786e-01,3.767916850680692875e-02,8.119916915097029342e-02,8.846591220166273584e-02,1.551772881820061012e-01,1.032459994119286351e-01,1.833297197508127752e-01,9.994300382617302136e-02,7.610260887173266042e-02,2.111707714354957854e-01,1.891292935000348230e-01,1.889828475957255061e-01,2.336407358638440401e-01,7.425923027191222436e-02,2.763494045660778164e-01,1.198553156751191590e-01,2.067370916482210719e-01,1.278695737446872704e-01,1.876647995143324588e-01,1.836101063794071120e-01,1.327242667280270627e-01,2.442387079975045783e-01,1.220834326162018313e-01,1.115268534125920530e-01,3.476087793843485318e-02,7.536681928420835286e-02,1.258844419495202815e-01,1.984955426401646128e-01,1.682242866929648806e-01,1.071151978066842980e-01,7.109205665970697030e-02,2.032940341999438516e-01,1.375033850245235556e-01,1.633386534614755803e-01,2.294852728746396842e-01,1.968120547441238877e-01,9.584793371585612065e-02,8.956090232710771371e-02,2.540975518216645468e-01,5.639437063328035793e-02,1.576081431536459077e-01,1.165109017611051512e-01,2.207797685965320611e-01,1.646577454156537557e-01
1.956071022284878724e-01,1.858468727005836429e-01,1.171201688997379753e-01,1.210809987226025980e-01,8.316097013156291406e-02,1.102591863739968703e-01,4.100372901119967439e-01,1.500000000000000000e+00,2.165123507733281438e-01,2.525437831232097974e-01,2.861693541450202605e-01,2.789157232176040502e-01,1.219810390536184841e-01,2.774177146421490936e-01,2.373646015665533682e-01,9.692868363385892527e-02,1.803949980625687566e-01,1.647018562211059745e-01,2.641243711623653678e-01,1.130959465445453838e-01,1.132276864590251730e-01,1.590674961959733236e-01,2.037924814026241538e-01,2.786619987171844517e-02,1.458613125024623147e-01,1.886328858481711723e-01,2.440500448535216083e-01,1.462975410732980652e-01,2.357959769658773963e-01,1.174166463465489696e-01,1.097891303508615191e-01,1.381028264283833407e-01,2.720445287078685492e-01,1.392084381996321341e-01,1.349337233057806840e-01,2.266091761723331988e-01,7.747691803254200260e-02,1.921555777200112392e-01,1.634296541723919416e-01,1.506268463932862178e-01,1.591574519385227926e-01,1.136838067125226504e-01,2.193096259147004623e-01,1.242384715675990403e-01,1.175132069479100094e-01,2.209767420309218799e-01,1.635252287888838696e-01,1.983355540498924485e-01,2.111559394766805986e-01,2.148634915009320356e-01,2.822656626162962645e-01,1.224734937532120926e-01,9.965116224437793602e-02,2.186344649193402434e-01,1.713796422259969698e-01,1.612297157075457121e-01,1.678801856672473003e-01,1.399110555582265547e-01,1.955848212139799647e-01,1.282864456916593121e-01,1.631351940012333579e-01,1.701208083332634846e-01,8.044937094391588217e-02,1.046372018104679141e-01,2.284322054306776040e-01,1.068831431593748466e-01,6.386231676507433952e-02,1.911445709237080681e-01
1.479966601160314366e-01,2.160950794442718093e-01,1.083686002452874247e-01,1.348249746980418329e-01,1.599978364992556135e-01,2.468885848124843796e-01,9.438294598125190893e-02,2.165123507733281438e-01,1.500000000000000000e+00,3.317527005528501938e-02,3.900299995402692899e-01,3.467986755610392713e-01,2.704963138507744946e-01,2.903135727296843882e-01,2.349123348823547175e-01,2.584336804165873053e-02,1.786103364176040709e-02,2.307742260705146486e-01,7.178642551383797310e-02,1.355070104910713613e-01,2.546129318559453569e-01,2.117379367040219396e-01,4.154266256746669272e-02,2.303411846238342386e-01,1.188439994017980311e-01,1.924930708572653859e-01,2.418278651614250707e-01,2.343066914392681332e-01,2.221094986592571097e-01,1.818323050684638731e-01,2.411299498675237643e-02,1.269920233495873962e-01,2.142579713037501554e-01,1.728580538945154732e-01,1.321234037358038071e-01,1.132007955415813560e-01,1.233212050903271517e-01,9.531039718584094489e-02,7.661572434668215137e-02,1.514893203718548909e-01,1.161406722030710187e-01,6.046068872397909744e-02,1.090653535341267605e-01,6.674021639382636539e-02,1.141536383849803826e-01,1.018396484103300803e-01,9.560189984378748840e-02,2.007506889069772260e-01,2.295362974657144117e-01,2.165754566783315571e-01,1.514550128820484343e-01,1.493908126699944883e-01,1.216629433906096375e-01,1.781246407834963796e-01,1.852048270503744432e-01,8.003454070357458872e-02,8.892481346774901152e-02,4.497120016422394284e-02,4.668513177547250342e-02,3.678794906121185537e-02,1.870312326814043968e-01,5.915555354073804423e-02,1.780652964772502789e-01,1.967707239219960991e-01,1.485507526430671910e-01,2.602110029615950504e-01,1.398020467008833645e-01,1.863918701640136788e-01
2.017362254448544223e-01,2.124825929066878061e-01,2.065370088345770405e-01,3.378713688100343226e-01,3.116328239461914063e-01,1.185362075631270773e-01,2.274100947595301403e-01,2.525437831232097974e-01,3.317527005528501938e-02,1.500000000000000000e+00,3.231780962789409517e-01,1.688044725082409325e-01,3.737906160294791058e-01,1.387942708438414385e-01,9.551592712873741009e-02,2.232741691178620480e-01,2.996437485132398826e-01,2.941555494358367717e-01,2.137528185345257126e-01,1.590382765504798623e-01,3.143708539167952010e-01,1.869747603139678693e-01,2.203123717014432992e-01,7.771899479075362882e-02,6.013238972018527390e-02,1.140779502054937444e-01,1.416252040543937163e-01,2.542324101856181517e-01,8.121537059957602278e-02,1.418023189449447996e-01,1.732659920140398324e-01,1.579139435043583062e-01,1.443461893712014998e-01,5.871242091270499619e-02,1.510877214322823570e-01,2.229048019281110737e-01,1.445684907479834469e-01,1.617133952759361448e-01,1.495215450661635248e-01,2.635436662476693948e-01,4.758054708520507992e-02,2.081826569320202047e-01,2.077608135107972265e-01,3.906920395489931960e-03,2.095598281657479189e-01,1.410018486055299447e-01,2.283339975620979345e-01,2.233369546620569412e-01,1.233834754165721442e-01,1.638406415421598539e-01,2.517646967057652896e-01,1.180895818779142681e-01,4.651743012022232365e-02,1.269030029982406993e-01,2.676126051174457232e-01,1.258770777247076866e-01,1.135451877957342481e-01,8.856511713355019744e-02,1.546931147254725358e-01,1.329638346963405160e-01,2.031938194844428724e-01,2.532375895567232083e-01,9.324795344415384712e-02,1.472317346427053641e-01,1.271876748987415540e-01,1.396431422667286648e-01,2.000683299953993355e-01,2.516498690559789697e-01
2.932587167057792987e-01,3.832380892964824537e-01,3.306400211972408965e-01,1.434861318190528423e-01,1.688450770123830491e-01,2.058064051199200994e-01,2.658394459817823852e-01,2.861693541450202605e-01,3.900299995402692899e-01,3.231780962789409517e-01,1.500000000000000000e+00,2.361648717759228799e-01,3.552186112523475492e-01,1.893512290140253462e-01,1.574761653051070520e-01,1.911141463999449508e-01,2.512910000008277134e-01,1.369175317250482249e-01,3.199982513500871512e-02,1.468752943517235843e-01,9.875993267458622882e-02,3.638452732584430693e-01,1.085788852918831843e-01,2.072679987327615825e-01,4.343854698252654079e-02,1.770795492483576705e-01,1.224432963073311953e-01,1.314378951169714316e-01,1.438962039642735780e-01,1.341439488137978753e-01,1.299569199826887678e-01,1.423048193232467618e-01,1.595885836501303445e-01,1.512574019064888975e-01,2.825392988474190181e-01,1.599424627281631761e-01,1.625409540053885382e-01,1.093130285657113870e-01,1.496325216877100184e-01,2.772534798657335098e-01,1.340899281811711030e-01,1.087807923132315530e-01,9.996474713065155171e-02,1.747623695906776464e-01,6.089077959445476224e-02,1.815655683742975757e-01,1.786735841699639005e-01,9.190683733937228539e-02,1.860745371346551602e-01,1.160076670046482905e-01,1.077224079196318907e-01,2.249823767799425389e-01,1.172796901852679319e-01,1.980342212472020746e-01,1.252472627745285783e-01,4.640170335586306372e-02,1.291789354959256286e-01,1.359108113146713093e-01,1.209603220483744107e-01,1.302332889196115562e-01,2.528328996361196568e-01,1.727555841041222839e-01,2.670064157524718595e-01,8.141406973517814616e-02,7.862480822019948801e-02,7.364319173281608233e-02,1.941559799571512812e-01,2.577201535131172228e-01
2.492251802976860608e-01,3.088191421276286208e-01,5.631667220434866117e-02,1.862379914731720487e-01,3.486344663538573085e-01,1.501654444335287220e-01,3.918955492032483168e-01,2.789157232176040502e-01,3.467986755610392713e-01,1.688044725082409325e-01,2.361648717759228799e-01,1.500000000000000000e+00,8.601422652306038585e-02,1.623807596625521932e-01,1.158938419050441343e-01,2.235618496469298777e-01,9.514811927193381202e-02,3.743936817395916994e-01,1.381506466562440472e-01,1.539284219706752999e-01,2.124380167932441998e-01,1.906282962163245442e-01,1.931049622351277972e-01,2.467305854723629288e-01,2.616551337908738506e-01,1.641336058968339007e-01,1.584519952026872402e-01,1.399972365600601343e-01,1.117167117431355078e-01,2.194936988835277103e-01,1.806228112508811989e-01,4.252642566504760691e-02,1.485569742832454909e-01,2.226559018667521178e-02,2.301014498368865110e-02,1.350464119078992331e-01,2.339047262825116880e-01,2.220256942550872734e-02,1.300721781694594015e-01,2.370544758093947046e-01,2.080227969591632031e-01,1.564921147256272405e-01,1.260806283121242433e-01,1.939841281232606574e-01,1.593760370655809000e-01,1.701053399766472296e-01,2.346055051741406383e-01,1.618156216407357351e-01,1.798182491415459272e-01,2.922854606933869004e-01,1.517631352052468685e-01,1.678294410333680542e-01,1.155269761794301409e-01,1.757142002935105640e-01,2.724421677982241663e-01,9.412975681559812569e-02,1.904005487140924824e-01,1.423331683790635960e-01,1.331070747747885863e-01,1.714031621910677983e-01,1.451919791721780206e-01,1.177278241706466444e-01,1.742835836948083417e-01,2.235546998809019303e-01,1.433973834702780281e-01,8.704948643663383556e-02,1.629645597783702937e-01,2.277106376923398456e-01
3.564445327154596582e-02,2.030133780553166623e-01,1.606709095311863733e-01,2.466628392701283867e-01,2.492419240546815407e-01,2.153908603353071050e-01,3.572600846322550039e-01,1.219810390536184841e-01,2.704963138507744946e-01,3.737906160294791058e-01,3.552186112523475492e-01,8.601422652306038585e-02,1.500000000000000000e+00,2.102448556169282945e-01,8.741858052683440516e-02,6.293109355082412981e-02,3.795133800406478297e-01,3.688751941175063553e-01,2.035272147977749690e-01,1.335763543678693821e-01,2.307317037494263645e-01,1.840719307257755455e-01,1.258364508068365584e-01,1.662064408027648654e-01,1.331505433686272499e-01,7.518089117419431144e-02,1.983528106054373574e-01,1.923959338899011162e-01,6.560552100258676411e-02,1.227730990920740256e-01,2.034090907801832104e-01,2.595812816007685431e-01,1.140416819201221788e-01,4.768036469119245335e-02,2.455781501614193174e-01,1.278781859939379928e-01,1.936122222111735236e-01,2.387487328990483271e-01,2.031571636550791593e-01,1.928582937773217765e-01,1.961855748869376637e-01,1.433831927783107418e-01,4.137326266871113600e-02,1.507200708049461213e-01,8.356568447442799807e-02,9.007047448589385052e-02,1.701260935508421834e-01,1.364869296913914787e-01,1.550892592163714834e-01,1.702631590138936057e-01,9.695751517991349488e-02,8.798353781824437558e-02,1.682395775926843196e-01,5.154157259676427766e-02,1.700458555173715303e-01,1.681209250099022778e-01,1.437161660893314097e-01,1.338090129918783344e-01,1.440702655855707892e-01,2.039800646467300194e-01,2.013996204304083770e-01,9.302907443030211665e-02,2.576434551503783976e-01,4.889838883096545019e-02,1.944576752341598824e-01,9.682768470162930741e-02,6.481055787948081237e-02,1.104509054482409602e-01
2.713557032625085741e-01,6.086700319371698281e-02,3.041492243033827592e-01,2.613150437066014686e-01,2.262878108276839551e-01,2.224519531452975318e-01,1.871995811440638202e-01,2.774177146421490936e-01,2.903135727296843882e-01,1.387942708438414385e-01,1.893512290140253462e-01,1.623807596625521932e-01,2.102448556169282945e-01,1.500000000000000000e+00,3.266643894079097055e-01,2.161067237195880286e-01,3.354508124794836066e-01,3.539163105673412968e-01,1.589606834659779699e-01,1.553477871004016464e-01,3.262470341365593662e-01,2.810973966628742549e-01,2.076377997039090539e-01,9.052831733554064786e-02,3.629871369677573067e-02,1.568639817519996704e-01,2.036685042966555614e-01,2.675792693209468887e-01,1.463184479127851711e-01,1.782548802843115510e-01,1.919936530897661808e-01,2.813445386828474781e-01,1.064427959563024051e-01,9.237398763945355029e-02,1.421005143156773842e-01,1.151331272168350517e-01,1.693120642369635442e-01,2.501963039116292808e-01,1.903797942494541984e-01,2.479110621332580311e-01,1.788720536275082706e-01,1.767813812415671981e-01,2.591530110676755205e-01,2.249733795337016118e-01,1.276415742772522566e-01,1.427437612501472886e-01,4.498871991741860976e-02,1.679662152279998155e-01,1.716130570479114659e-01,2.590112962612206582e-01,2.925149756080078906e-02,2.054554843549535326e-01,1.140997329351356726e-01,1.048730265256176963e-01,1.027839556558088618e-01,1.122885648824532567e-01,1.566360318968053611e-01,1.731514525558573991e-01,1.457823113353954037e-01,2.134391999583104271e-01,1.809019200137914063e-01,6.002417070189020043e-02,1.752234858308018006e-01,1.541168334328003875e-01,1.838395863506685768e-01,2.137720827843629379e-01,1.171086654340850741e-01,7.528858188876200175e-02
9.739671262331561774e-02,1.757869864077533650e-01,2.125357989242219192e-01,3.407052212168057426e-01,3.132542037159875559e-01,2.130676417127246036e-01,3.085233034876490033e-01,2.373646015665533682e-01,2.349123348823547175e-01,9.551592712873741009e-02,1.574761653051070520e-01,1.158938419050441343e-01,8.741858052683440516e-02,3.266643894079097055e-01,1.500000000000000000e+00,3.383649039458846430e-01,2.425836103329060134e-01,1.282100024672283012e-01,1.257652071219244050e-01,9.102312625333974783e-02,1.681513422407747427e-01,2.333969443819235434e-01,1.592392755636632407e-01,7.676274325112829311e-02,1.374777442303488639e-01,3.891573868842488487e-02,9.349682878418850984e-02,1.282121504738209239e-01,1.037783668477846033e-01,2.021677157648454348e-01,1.503588967843613733e-01,1.489227788528853513e-01,1.222340885438179675e-01,1.973979259787111140e-01,2.076894455754644819e-01,6.078682031657657581e-02,1.796380340456808222e-01,9.828621366824233374e-02,7.862964416591210204e-02,1.062605027172243144e-01,1.332823605793617139e-01,2.349547920390753220e-01,4.149050321659638468e-02,1.771809553078900201e-01,8.555432431709240892e-02,1.864069427721088967e-01,1.122871679307413662e-01,2.570377035301764090e-01,1.802434878169549837e-01,3.082849798297034732e-02,2.144047655291546339e-02,1.466831897235718607e-01,2.569864759313361668e-01,2.069484054573433041e-01,1.513359706875318234e-01,1.629517604224278160e-01,1.614952941994590163e-01,2.112471642060934907e-01,1.455837690474421076e-01,9.487721761460060632e-02,1.035264550191680594e-01,2.461489533365443794e-01,1.606308567690346856e-01,1.015497404610059412e-01,1.962591849086888496e-01,2.650096102422700994e-01,6.415142995983415253e-02,2.074770263763999756e-01
5.460749580205502551e-02,1.178285948560551244e-01,3.228415560783080562e-01,3.091416814561409043e-01,1.777260918259228051e-01,2.353389681669290912e-01,1.722391981406725947e-01,9.692868363385892527e-02,2.584336804165873053e-02,2.232741691178620480e-01,1.911141463999449508e-01,2.235618496469298777e-01,6.293109355082412981e-02,2.161067237195880286e-01,3.383649039458846430e-01,1.500000000000000000e+00,1.946103128801931204e-01,1.403772794396207502e-01,2.086541987016024557e-01,1.928323379260944992e-01,3.998553533786732839e-01,1.489322306235369431e-01,1.488197219548548222e-01,2.854631058694259704e-01,1.505662097092410057e-01,1.715849076573694731e-01,2.351915356163369331e-01,2.008616235954931509e-02,2.025137749512951335e-01,5.795677453974680537e-02,9.633968387238688036e-02,1.342711148030334423e-01,1.409229144418955026e-01,2.254453949149697323e-01,1.793781363147127772e-01,1.182792205416084430e-01,2.239153226683912590e-01,1.570715463666920719e-01,1.736951068297449274e-01,1.035419511392692560e-01,1.648241303391216328e-01,2.592415041464187775e-01,1.166470659487849615e-01,1.473606968900974534e-01,1.528616555534119126e-01,1.388270466988206497e-01,9.066890624574432123e-02,1.547247168288934105e-01,2.725226573871962765e-01,4.770097478187394768e-02,9.859170429384524204e-02,1.362673274711099503e-01,8.783468209553790818e-02,8.551520265543016697e-02,7.122002986297788774e-02,1.086527210960809980e-01,1.119685600898322891e-01,1.324832576817708829e-01,1.968381600093999095e-01,1.689726642966270231e-01,3.682321884022679570e-02,1.654128680428512965e-01,1.452062396234010677e-01,9.278920556840453138e-02,4.776576777820516068e-02,4.714806751867440388e-02,8.571993519877589562e-02,1.507332833014274065e-01
2.955902686970873772e-01,1.387653792388825469e-01,1.451427772817984185e-01,7.331892504229298169e-02,2.486272223305988627e-01,2.984609336204200325e-01,3.256108505691987509e-01,1.803949980625687566e-01,1.786103364176040709e-02,2.996437485132398826e-01,2.512910000008277134e-01,9.514811927193381202e-02,3.795133800406478297e-01,3.354508124794836066e-01,2.425836103329060134e-01,1.946103128801931204e-01,1.500000000000000000e+00,1.074115453973627510e-01,4.132856858982517090e-01,3.276209215977168299e-01,2.268496707465326168e-01,2.364120395961357701e-01,1.710029260416497665e-01,2.311112935827245030e-01,1.820649192898443347e-01,4.064013810194526399e-02,6.845950005920260761e-02,1.015760664908763183e-01,1.774876208635423613e-01,2.560171118626451969e-01,1.440712518698525624e-01,7.302847107226050072e-02,8.522796511975794242e-02,1.812682645533708892e-01,1.449345473833189846e-01,2.406467039502111493e-01,1.118642323365607177e-01,1.352322055266036438e-01,1.671804051789382850e-01,1.469186458119287331e-01,2.243842557290977868e-01,2.105570684018118199e-01,2.108484603426730164e-01,1.967364425858881272e-01,1.058111393668837302e-01,1.119946956612961203e-01,1.490760314854215896e-01,2.649473218540038810e-01,2.043745009179104566e-01,1.621802112439133525e-01,1.821279759206737570e-01,1.455832579377312197e-01,4.159885058904137095e-02,1.501745723644998254e-01,2.922005795914952575e-01,1.271084900135077689e-01,1.327937840922051860e-01,2.059224369227057871e-01,4.182447877003413195e-02,2.006922976976916462e-01,1.471049941754367651e-01,9.042766733220307385e-02,1.054228512247543936e-01,1.191489406636755677e-01,1.545587598594018452e-01,1.762817927100505111e-01,2.326919863080288420e-01,1.949855646454071723e-01
1.593092941695806175e-01,2.351656956957441924e-01,8.135804026043916282e-02,2.331480002225232717e-01,2.058820144651405948e-01,2.880424010289440173e-01,1.661219769380856692e-01,1.647018562211059745e-01,2.307742260705146486e-01,2.941555494358367717e-01,1.369175317250482249e-01,3.743936817395916994e-01,3.688751941175063553e-01,3.539163105673412968e-01,1.282100024672283012e-01,1.403772794396207502e-01,1.074115453973627510e-01,1.500000000000000000e+00,2.812923365098303485e-02,3.728815323280260108e-01,1.916293788467495762e-01,1.173398279372178526e-01,2.269528892012394050e-01,1.225948913436468307e-01,1.323464315030576099e-01,7.825861036237480306e-02,2.540551377134577793e-01,1.798411328905458739e-01,9.370270709453318303e-02,2.461386792980943539e-01,1.596616497928741718e-01,1.796885380517804220e-01,1.982818564367744563e-01,1.505683626310272138e-01,1.513534268536833594e-01,2.428568749380648484e-01,2.076573789900855171e-01,8.939966001055753286e-02,1.515259103791065098e-01,2.178598550015721225e-01,1.236111011768097206e-01,1.202714367159344461e-01,6.278414778807968333e-02,1.364907790523963160e-01,1.914854976512309070e-01,1.779827817559291314e-01,5.527231387664000017e-02,1.033770460997925633e-01,7.538214765148033847e-02,1.659974978779008570e-01,1.626414203422967275e-01,1.774337724070803868e-01,1.507448819367298853e-01,1.909423646724678902e-01,2.235264093763670579e-01,1.817101737743683776e-01,2.024691491759412695e-02,1.727154595431640849e-01,2.087000361852584529e-01,1.605153872348392408e-01,1.961829725412930214e-01,1.432404040474385409e-01,1.420892692220467324e-01,2.405008419480902382e-01,7.929794135074427763e-02,1.867475664746262587e-01,2.055184673182342547e-01,1.899879974714603903e-01
2.295677302782520302e-01,2.997621593475183199e-01,2.083041243705194001e-01,1.921024932640099103e-01,3.260055625462572326e-01,2.846947729211684042e-01,3.282492216163654386e-01,2.641243711623653678e-01,7.178642551383797310e-02,2.137528185345257126e-01,3.199982513500871512e-02,1.381506466562440472e-01,2.035272147977749690e-01,1.589606834659779699e-01,1.257652071219244050e-01,2.086541987016024557e-01,4.132856858982517090e-01,2.812923365098303485e-02,1.500000000000000000e+00,1.862033369315608256e-01,2.931063902106755270e-01,2.970510400026767917e-01,1.341267781149097504e-01,8.965505221726979834e-02,7.235853979487388843e-02,2.551642960556113060e-01,2.572983203078189549e-02,1.553640500565314220e-01,1.188148026370965810e-01,1.791968676031551189e-01,1.860246700966589339e-01,2.214300188669200142e-01,2.030112665565684260e-01,2.468704992346262561e-01,1.139928457979373783e-01,8.754663979398318030e-02,1.271906704007030320e-01,8.507282009710236126e-02,1.787812444538952050e-01,6.130429484102990767e-02,1.258149187415121550e-01,2.900412431019674386e-01,1.406631120899749232e-01,2.362852823212313602e-01,2.336875005853415177e-01,1.752361753727782467e-01,2.845085928104211792e-01,1.381911421176946209e-01,1.118310120355353043e-01,2.087608321059846173e-01,2.483132926922677897e-01,7.764627659882591959e-02,1.811937345733206361e-01,6.025685304643146889e-02,1.521173448047377919e-01,2.223121672872431231e-01,2.130593353926912292e-01,1.258104252766569231e-01,2.396540219257407012e-01,1.007939225911186759e-01,2.509381342947108462e-01,8.494911355077651438e-02,2.117679807513217494e-01,1.851091141691920683e-01,2.343133149911151847e-01,1.016312345647088916e-01,1.438042557922815379e-01,1.842007658665467396e-01
3.409187143529776032e-01,3.223535864074020818e-01,2.264690736367598878e-01,2.396569911991376089e-01,1.041093118199361151e-01,2.754270663300227850e-01,2.174951925122433904e-01,1.130959465445453838e-01,1.355070104910713613e-01,1.590382765504798623e-01,1.468752943517235843e-01,1.539284219706752999e-01,1.335763543678693821e-01,1.553477871004016464e-01,9.102312625333974783e-02,1.928323379260944992e-01,3.276209215977168299e-01,3.728815323280260108e-01,1.862033369315608256e-01,1.500000000000000000e+00,2.136356303266641332e-01,3.709297239426433968e-01,1.240629255390529734e-01,1.825846405471882872e-01,1.075779710343655604e-01,2.357008978690494083e-01,1.722054556454114538e-01,6.393398196543373380e-02,2.194717507967077486e-01,1.086573385972139788e-01,2.149309186663156401e-01,2.127336219459452227e-01,2.179655908918875229e-01,2.003158374922758556e-01,1.786955869831531318e-01,2.706722933319896107e-01,2.198539214805795075e-02,2.142342940379105831e-01,2.543356334528378837e-01,2.122039720794786921e-01,9.023745989043431559e-02,2.331770301189457495e-01,1.906214573681581925e-01,2.708860393863030125e-01,2.776779030893363753e-01,1.471859465531797639e-01,1.420971681228350991e-01,2.043283633536329413e-01,1.264471830232464789e-01,5.547530070853385481e-02,1.987009778114543768e-01,7.916898451503041889e-02,1.083632296967530217e-01,2.016962308775712143e-01,1.008685639764906744e-01,7.448638852607250560e-02,1.263495745431409689e-01,1.722235636310426032e-01,1.008885068272753482e-01,2.106349123565791071e-01,2.318827975611060799e-01,8.589878412696674848e-02,1.173601010552578483e-01,1.725004191279640442e-01,1.379882233298267424e-01,1.877808708185686459e-01,8.550698708090465061e-02,1.940300117747290054e-01
3.173215177642175755e-01,1.504587810888988186e-01,3.988226357152312440e-01,2.061081657772520503e-01,3.069596793556004233e-01,2.969729521853913257e-01,2.091641752136215726e-01,1.132276864590251730e-01,2.546129318559453569e-01,3.143708539167952010e-01,9.875993267458622882e-02,2.124380167932441998e-01,2.307317037494263645e-01,3.262470341365593662e-01,1.681513422407747427e-01,3.998553533786732839e-01,2.268496707465326168e-01,1.916293788467495762e-01,2.931063902106755270e-01,2.136356303266641332e-01,1.500000000000000000e+00,2.216568595491814064e-01,1.166530983332500215e-01,2.604195492429387526e-01,3.576336055019865845e-02,9.808879607225227948e-02,1.559717823259954561e-01,1.302388058543494931e-01,1.296195523937597183e-01,1.147729321401928237e-01,7.250887925108923104e-02,2.736274621052671718e-01,1.773556565312819910e-01,2.032171768925141730e-01,5.205171528270889636e-02,1.714280876164571699e-01,2.371296792101857953e-01,2.149845193936470444e-01,1.394683569090658382e-01,1.623985054212002677e-01,8.104007051199145495e-02,8.779999156587472986e-02,1.115587453329516671e-01,8.250060948219176127e-02,1.454840639270602587e-01,1.325592110842760130e-01,9.086463067496358681e-02,1.068644971469471794e-01,1.808490641412121569e-01,2.225283600867312139e-01,4.471641138992381997e-02,2.048462810017718794e-01,2.400557821253272023e-02,2.490212792066665570e-01,1.403677330894746444e-01,9.553305528719591155e-02,1.735860193510076199e-01,1.816205195388585492e-01,1.404399095900936145e-01,1.238859052463518740e-01,1.243829354225319400e-01,1.609902099930412278e-01,1.427035361141130720e-01,1.061657073022158615e-01,2.083703292060846979e-01,8.350445812495438380e-02,1.202426717992649968e-01,1.904948310885755391e-01
2.300240366143345705e-01,3.395212841306881613e-01,1.859625246805164389e-01,1.872778530943074449e-01,1.375659417812317709e-01,2.114289597318684821e-01,1.679531623046643940e-01,1.590674961959733236e-01,2.117379367040219396e-01,1.869747603139678693e-01,3.638452732584430693e-01,1.906282962163245442e-01,1.840719307257755455e-01,2.810973966628742549e-01,2.333969443819235434e-01,1.489322306235369431e-01,2.364120395961357701e-01,1.173398279372178526e-01,2.970510400026767917e-01,3.709297239426433968e-01,2.216568595491814064e-01,1.500000000000000000e+00,4.380557040408671748e-02,1.734017585534800010e-01,1.043975373084883029e-01,1.588017683830642290e-01,1.173252973074305761e-01,2.502238902498724049e-01,9.437018068509855917e-02,2.481730052894076111e-01,1.253367306019569083e-01,4.048308979368318156e-02,9.998532268174881166e-02,1.737871068823092502e-01,9.472369731099819501e-02,2.107776161696762185e-01,2.070526409426944880e-01,1.544768148305183386e-01,1.103125187021267717e-01,1.309446607661348405e-01,1.436811488678007565e-01,6.149783700287655974e-02,2.474967524211731384e-01,5.755684466786887415e-02,1.688687260241754362e-01,1.370094729231503550e-01,1.973405026614937774e-01,1.787440855174679544e-01,8.123394214382675949e-02,1.055254461537210864e-01,1.937216572992687680e-01,1.122194682227161122e-01,1.140265094720806505e-01,1.682755668943278216e-01,2.092347022236182297e-01,1.598031992572884752e-01,1.369057104525260860e-01,1.143742390442937518e-01,6.201684752410441259e-02,2.269752774484553870e-01,1.393024981103881121e-01,1.456729811890345727e-01,3.116958473838999863e-02,1.483396483267717114e-01,1.780760998160484943e-01,1.593851306602265261e-01,1.530269394199875455e-01,1.048422286925077690e-01
1.529481029653824153e-01,1.527635221896902484e-01,1.167940086176206677e-01,1.786890916031889653e-01,1.109466314097948131e-01,1.333819552727978364e-01,1.547037211801206291e-01,2.037924814026241538e-01,4.154266256746669272e-02,2.203123717014432992e-01,1.085788852918831843e-01,1.931049622351277972e-01,1.258364508068365584e-01,2.076377997039090539e-01,1.592392755636632407e-01,1.488197219548548222e-01,1.710029260416497665e-01,2.269528892012394050e-01,1.341267781149097504e-01,1.240629255390529734e-01,1.166530983332500215e-01,4.380557040408671748e-02,1.000000000000000000e+00,8.744216692517275263e-03,1.037097021262756158e-01,2.129658539327264344e-01,2.195427462026255105e-01,1.389461948201641261e-01,1.511880455025763070e-01,1.487378200403717265e-01,1.461486946344783822e-01,1.388019386602621086e-01,1.652892794668167631e-02,1.821401699180074663e-01,1.072944810267752458e-01,1.865596177778089670e-01,1.658034976301580588e-01,1.176566173346830918e-01,1.144537328739557297e-01,1.376116606983374124e-01,1.305939418488547554e-01,1.441309513504322737e-01,1.361950071132438378e-01,1.631375489775817866e-01,1.913080130811224966e-01,9.773593338383286533e-02,4.768487378900441997e-02,3.711979060926079432e-02,2.739050258964116913e-01,2.015907323519485206e-01,1.621615213970724612e-01,2.392910739596104119e-01,1.040942855942728895e-01,1.821100560209286678e-01,6.680154620114825414e-02,2.565060721022247581e-01,1.601930988749035722e-01,1.946481529208855810e-01,2.173239872615251589e-01,6.308689874801935715e-02,8.063437999878474149e-02,3.308996438268078932e-02,2.582070258675763230e-01,1.782173896813236680e-01,1.064258779223752477e-01,1.655503146272232495e-01,2.867059491259614790e-01,1.506222161726354647e-01
