1.500000000000000000e+00,6.837055350099237316e-02,1.051960296900658343e-01,3.491486136831725151e-01,1.156020420403996996e-01,2.105787771156163168e-01,1.376448369159739837e-01,3.829349270695187046e-01,3.239768737460277936e-01,3.371319375206495161e-01,3.215064937496272535e-01,5.237203518853170703e-01,2.769855578925812800e-01,3.061148037023691537e-01,4.701054025036915940e-01,3.919078582185209214e-01,4.165909856979084780e-01,3.141611772276592940e-01,2.631608554052335958e-01,4.478902292958758524e-01,2.971465407411585935e-01,5.946475711239578715e-02,1.386800466962782585e-01,2.337308165374898106e-01,2.603030238996433265e-01,1.520121248805272052e-01,1.847142103734408514e-01,3.335467594697484328e-01,2.452595497106390132e-01,2.543518381719330756e-01,2.447527817365693914e-01,2.894743729427012857e-01,2.007775191623999422e-01,3.129130643919654231e-01,1.937884578149629555e-01,2.327810146442031713e-01,1.167677259461875200e-01,1.209713400425008883e-01,2.877513780916558517e-01,1.801518716497992334e-01,2.602146833491361666e-01,5.760536816625738687e-02,2.074428539473769928e-01,2.710861189411025718e-01,1.845156178762385468e-01,3.666735384865630887e-01,1.809060754326734244e-01,1.007750831387439899e-01,2.975835428908923941e-01,3.265906537429563716e-01,3.385612840397144163e-01,2.436413825153832813e-01,1.974482458658391448e-01,2.640421760734653067e-01,7.542244116199263437e-02,2.189116964524764897e-01,2.637531641241281921e-01,2.442151522001841935e-01,2.879868397390461521e-01,2.244164289878909924e-01,1.847584283911088976e-01,3.747141262766446879e-01,3.117684742067762249e-01,2.329572754070655394e-01,2.240573249348301044e-01,1.415915621031252902e-01,2.723878603721874292e-01,1.312974031553439669e-01
6.837055350099237316e-02,1.500000000000000000e+00,3.283396502524374982e-01,2.975333999846883071e-01,3.906352951035503285e-01,4.918676257527881263e-02,1.523926506655735036e-01,1.404035860402315650e-01,3.772714786366052619e-01,2.988973465775840443e-01,2.986353670112798508e-01,3.881173494001277646e-01,3.164912316578276097e-01,4.887161747309497484e-01,4.315513159138121280e-01,4.135808970177686783e-01,3.357195778762822602e-01,2.752610443051314304e-01,4.486480517711987637e-01,3.049412471357254573e-01,2.516806847824178961e-01,3.219333201973275105e-01,1.115738374050293524e-01,2.409689665637948508e-01,2.535171193242088394e-01,2.571623763439211952e-01,1.926467727253212414e-01,2.096201223487453857e-01,2.921010198542566272e-01,4.482857178941634935e-02,2.626345064367373583e-01,2.421256831644679197e-01,3.309075512818438480e-01,3.622176982314905813e-01,8.897823086515080360e-02,2.826477979432751031e-01,4.331051579504075627e-02,2.236525872991992347e-01,2.229388912286099367e-01,1.101124245170227722e-01,1.949671351025644983e-01,2.674670139898224774e-01,2.530615645080307521e-02,1.582441613863155849e-01,4.703616513990554332e-02,1.917962509348433986e-01,1.050956915445423329e-01,1.595518285667049396e-01,1.320141049608171968e-01,2.695528172112391929e-01,2.259891092448325367e-01,1.620962940885807557e-01,2.355121405797603318e-01,2.245084289817198264e-01,5.849232897151579458e-02,2.916653578442329198e-01,1.985568152371659512e-01,6.028766086202764357e-02,2.741375896327092332e-01,2.259136351061125647e-01,9.822271397937340498e-02,1.869181344296059200e-01,1.050161770968636998e-01,6.608217003051314320e-02,1.267947594184439808e-01,2.372446781785220171e-01,2.256766770563611302e-01,7.774720756611938621e-02
1.051960296900658343e-01,3.283396502524374982e-01,1.500000000000000000e+00,1.033252058286605324e-01,2.104861319978786338e-01,4.463660300774625611e-01,4.490148755460038332e-01,3.901746773447814509e-01,4.235312107542070770e-01,3.006743209958007701e-01,1.302526107302642566e-01,1.536290570437821024e-01,3.146578727295856193e-01,1.215706959186684671e-01,5.017356683326656963e-01,2.160578558277108652e-01,3.697607035204728554e-01,2.351436154993871430e-01,5.494635307239095212e-01,3.808894106017113312e-01,2.344957329274362234e-02,3.892925351163424308e-01,1.486235366430306015e-01,1.149464633595922020e-01,1.019218531612822304e-01,2.659161887160920168e-01,1.513465612741781985e-01,3.373232063679846293e-01,2.423206643094461266e-01,1.362756815894587969e-01,2.371723373067391727e-01,1.668645303655674206e-01,1.693497751856469780e-01,1.057296607517573678e-01,2.719887866821422695e-01,2.054303328802259410e-01,1.388279064325219081e-01,3.251222859584481650e-01,3.646000465444315664e-01,3.704655434284043203e-01,2.009164891444654710e-01,3.428869518575073383e-01,2.138387120936909858e-01,2.723535124193268708e-01,2.927460583439484010e-01,1.575574712809111877e-01,1.702346175549953322e-01,2.103887612125816473e-02,2.246085743153142245e-01,1.846026274146398416e-01,2.422300711756744107e-01,1.863583643982922866e-01,1.947152233912649300e-01,2.258183941066627121e-01,1.829246935376085403e-01,2.166609263638329397e-01,5.637715942060675389e-02,2.653311525575449692e-01,4.461425595266248212e-02,1.915888050921910057e-01,2.118560256503126404e-01,5.146932784774650022e-02,9.066311891396490463e-02,3.505936469733860195e-01,1.678902210952238072e-01,2.802141893281012708e-01,2.959612087264930635e-01,1.911145908860727438e-01
3.491486136831725151e-01,2.975333999846883071e-01,1.033252058286605324e-01,1.500000000000000000e+00,2.409438486459120898e-01,3.242178797265643508e-01,3.660259680876627453e-01,3.835305938320664881e-02,1.697233955797752269e-01,1.752389656502296167e-01,4.353065114261957524e-01,2.059451576424932706e-01,3.833917266761577292e-01,4.049742855394827812e-01,2.728615088119837884e-01,4.594859351986164964e-02,3.212511946964877740e-01,1.879329922582438361e-01,4.671759223270843808e-01,3.270963109051591711e-01,4.809038733214366923e-01,2.994008728724765200e-01,1.322296609219307528e-01,2.395386951965369771e-01,2.505617418398263241e-01,3.441315260933902609e-01,1.649644931213778976e-01,2.493211568451004778e-01,2.802348565345368914e-01,1.882231749493111228e-01,2.006652055218920427e-01,3.569495669915034863e-01,1.053914398115378404e-01,1.739181481575597377e-01,2.096952972154681460e-01,9.759968071095589948e-02,9.875531791452003827e-02,3.801854092388596840e-01,8.958141204936247159e-02,1.490840369583310565e-01,2.943401727083528319e-01,4.276972526789724061e-02,2.730563403638682773e-01,2.287859796964087922e-01,3.600502880224559776e-01,2.962050901803878200e-01,3.219271448653856504e-01,2.490265452048970873e-01,2.592993732416162267e-01,2.259812102709077286e-01,3.135958837833184853e-01,2.731334285995786204e-01,2.810360606129062577e-01,1.715854585147460476e-01,1.873293348922095702e-01,1.438951378593501806e-01,8.413395130145671919e-02,9.945695879450211496e-02,5.092816294632401125e-02,3.411126512619520185e-02,6.797922279548383739e-02,1.966699853766917805e-01,2.917208772455394672e-01,1.942016012062331709e-01,1.836261550691763444e-01,1.919943433253887277e-01,2.736752094285333503e-01,3.634599274696957011e-02
1.156020420403996996e-01,3.906352951035503285e-01,2.104861319978786338e-01,2.409438486459120898e-01,1.500000000000000000e+00,4.334273556208004807e-01,2.543929155824498634e-01,4.681743286845954644e-01,3.113862757500953649e-01,1.609980942254655711e-01,3.553235355633337367e-01,2.508099924337817144e-01,4.598849629849836584e-01,4.872997431884867336e-01,4.895375315405346428e-01,2.424396926530110741e-01,1.544939533678029442e-01,2.185788480384575350e-01,1.645466574717203700e-01,2.861838467396199404e-01,4.466066357443412849e-01,3.931893569548657874e-01,5.582867510788683263e-02,3.285849514036289221e-01,2.306144674539589989e-01,4.847242023919536014e-02,2.495926883173955543e-02,2.322416171659792694e-01,2.069947669429476333e-01,3.068413208419401572e-01,2.481931524234395336e-01,2.584025565776263411e-01,2.053120594700393875e-01,3.105570561824921305e-01,5.356927304332204098e-02,3.844995294751362147e-01,1.453650597380091725e-01,2.540204168959196984e-01,2.243973658134464089e-01,2.750441713619333761e-01,6.448631408756147487e-02,1.139449448116020558e-01,1.823842959040000711e-01,1.819551933902835983e-01,3.082589579264952695e-01,3.507986769217312784e-01,2.914596207938739969e-01,2.198090298489664696e-01,1.768227131094702587e-01,2.398488418615555284e-01,3.103391956128720985e-01,2.529485772320396175e-01,2.922668286998292841e-01,3.426231292398057571e-01,3.006209591235602940e-01,2.193233683563214076e-01,2.030097393295833830e-01,2.573419981117829880e-01,1.826954370378641168e-01,1.871864482960845441e-02,3.083730152673652691e-01,2.308968935796178734e-01,3.105837170516252410e-01,2.925067981539846151e-01,2.552915653198145618e-01,2.193011744515650230e-01,2.816940076096329237e-01,3.341674603129338728e-01
2.105787771156163168e-01,4.918676257527881263e-02,4.463660300774625611e-01,3.242178797265643508e-01,4.334273556208004807e-01,1.500000000000000000e+00,2.699121623902707712e-01,2.129396565719485490e-01,3.887013650525683039e-01,1.745016824723670812e-01,2.419922092400818014e-01,2.992224396854084034e-01,3.547296510692572458e-01,5.376011715372995825e-01,3.908389441555629729e-01,2.981306629220036308e-01,5.036401771382877923e-01,4.560696630908391835e-01,2.806677307992480053e-01,4.513350862094404059e-01,4.760196134593794870e-01,4.721858066208345361e-01,9.326951468897895503e-02,2.371127306657619949e-01,4.819610321467582281e-02,2.868538786893066739e-01,1.867417936489938479e-01,1.339538522284176580e-01,1.211324211450125060e-01,1.341630195556175464e-01,2.049449350812324877e-01,2.044694363848809093e-01,1.839843652939181506e-01,3.234137245049959475e-01,1.858483979758026317e-01,1.810686158768034515e-01,2.101478869373278879e-01,2.394754063991478832e-01,2.401442757778516901e-01,7.112596237695555101e-02,3.589403861385133676e-01,2.800143038841201859e-01,1.609717662299252339e-01,2.927699745639769646e-01,1.960767113600810907e-01,1.914457456328135243e-01,1.807675209902107893e-01,2.918079396402502024e-01,1.562143349561658512e-01,4.254426497208843583e-02,1.220553051287818491e-01,2.497623228719865196e-01,1.246323209527661763e-01,1.301084250446466958e-02,1.282638652004729762e-01,2.502565666385088150e-01,8.211967097397510074e-02,2.671735672319748289e-01,2.340881205625679473e-01,8.789141212165202388e-02,2.156145923083120919e-01,2.138738991811380274e-01,2.425922323076755149e-01,2.120925227213686648e-01,7.476492375984886141e-02,3.078445308158075377e-01,2.311609431771641798e-01,2.466143319424754510e-01
1.376448369159739837e-01,1.523926506655735036e-01,4.490148755460038332e-01,3.660259680876627453e-01,2.543929155824498634e-01,2.699121623902707712e-01,1.500000000000000000e+00,3.183785060413385493e-01,1.962823256478180567e-01,4.007460169676773654e-01,1.737634291079965254e-01,4.848802186651285928e-01,3.925642600732666132e-01,4.400296793622581748e-01,3.150029552201639160e-01,3.754535175451626516e-01,3.133436574755500414e-01,8.490396417265345941e-02,4.657296815318496819e-01,4.701646785928080829e-01,2.837692682879020545e-01,1.472750071766369684e-01,2.223001153671945174e-01,1.554762249826761589e-01,2.745371944483243620e-01,1.729963733982849972e-01,2.653216901767809777e-01,2.126843172115943370e-01,2.613944029723377360e-01,8.773262762499119127e-02,1.926607728602970082e-01,1.888548641927917104e-01,3.517184674437929814e-01,3.015378878216476433e-01,2.496772868767213049e-01,2.104074383775012824e-01,8.949491125571837347e-02,3.041205564237351444e-01,2.702675508736014365e-01,3.165519285746022371e-01,1.852015870260459163e-01,1.949403690212865026e-01,1.760735691813337944e-01,2.975478963993137271e-01,3.114981257164609607e-01,6.568661062361227931e-02,1.987945361851787829e-01,9.314472540611994089e-02,2.560769177024253551e-01,1.607254245111973401e-01,2.957543160574933605e-01,2.080919429077969229e-01,1.843867373335866533e-01,9.061577091380788873e-02,1.444138125042340737e-01,2.332672862652403478e-01,3.169169112045331360e-01,2.894693677130995568e-01,3.220345858911410897e-01,1.256123225351257755e-01,2.131029699867382499e-01,1.397902243213137996e-01,3.670520556113818222e-01,1.917174769959164582e-01,2.072224147805671324e-01,1.507628700060551497e-01,2.434625907059292105e-01,1.924413821564837090e-01
3.829349270695187046e-01,1.404035860402315650e-01,3.901746773447814509e-01,3.835305938320664881e-02,4.681743286845954644e-01,2.129396565719485490e-01,3.183785060413385493e-01,1.500000000000000000e+00,3.293168305824562547e-01,2.075327022622601159e-01,3.831016638811470809e-01,2.340176342316547253e-01,8.108986563610598441e-02,3.897133875079474286e-01,2.714990669408813284e-01,3.610637579183263446e-01,2.362886599181405756e-01,4.309044466796220219e-01,5.369627321373672268e-01,3.087026143618558649e-01,1.952059216541814912e-01,3.403833868828945453e-01,2.921761103400638548e-01,1.361256510543548681e-01,2.069666086617999168e-01,1.811711517943826455e-01,8.235583577629941587e-02,1.648432399820663197e-01,2.651446591796083885e-01,1.636322410013562600e-01,2.854777945378488280e-01,2.769505474773089060e-01,1.326891984719025530e-01,1.455757101517530239e-01,1.595488827938919552e-01,2.943936316884213644e-01,2.804083697621608251e-01,3.406626210160008106e-01,2.734712764744214319e-01,1.953865727515114725e-01,2.701415222548584349e-01,3.525162643566591147e-01,2.998371758857927283e-01,1.744950389946338942e-01,1.097775373085194683e-01,3.621782257159373297e-01,2.351711295961561587e-01,1.928257511175822114e-01,5.395232554370683886e-02,1.285938592667399683e-01,3.103824565884047426e-01,1.215228455105167166e-01,3.118222536588960425e-01,1.425011955469860370e-01,3.301959101462936252e-01,2.801731923064121332e-01,1.291719647081521205e-01,1.955454471974765185e-01,2.763860509768422125e-01,4.317163068956107047e-02,1.717824728287449254e-01,1.428786237841615514e-01,7.319936670517517008e-02,9.729041167522314848e-02,3.042996963082177375e-01,1.843027263056718212e-01,1.775585636947155654e-01,1.500814013581908690e-01
3.239768737460277936e-01,3.772714786366052619e-01,4.235312107542070770e-01,1.697233955797752269e-01,3.113862757500953649e-01,3.887013650525683039e-01,1.962823256478180567e-01,3.293168305824562547e-01,1.500000000000000000e+00,4.712954792573250673e-01,2.759875802175583148e-01,2.197463594175323998e-01,1.929359276834159698e-01,3.600718156408094783e-01,1.908822295158323634e-01,2.198518862839166088e-01,5.286852977198837067e-01,2.857708336771718205e-01,2.308466566983850832e-01,4.671486411275380668e-01,3.046203545859071937e-01,4.978814653632787079e-01,2.589436265763176981e-01,1.575745319047354986e-01,4.849295775652742030e-02,2.410336575362633793e-01,2.396796348978068036e-01,3.084675451216074837e-02,1.167814292127861142e-01,2.201952897106145834e-01,1.952406002465323365e-01,1.819494889522767223e-01,2.244880096074995390e-01,1.940278653448077040e-01,2.259036311217541559e-01,4.594435413337057128e-02,3.015369537756696361e-01,2.398941701591140729e-01,2.929042428963626321e-01,3.091475963976119123e-01,4.548721838273846185e-02,3.166650463443196339e-01,1.255594847254679902e-01,2.376791237552252634e-01,1.616070574178043728e-01,2.323896774046025904e-01,2.208593199261583984e-02,2.155931675145203175e-01,3.253314711463656805e-01,1.949117708215094835e-01,2.624410736632967200e-01,1.137696811332718494e-01,2.511829509954893735e-01,2.423630084208199531e-01,2.752625288137797721e-01,3.113597893042985287e-01,1.745283812614075725e-01,3.052924184747020098e-01,3.089150242077264297e-01,2.139094883262342983e-01,4.019577026811931714e-02,3.223112304273539896e-01,2.577006771586302647e-01,1.151892168470301930e-01,3.578454169871767704e-02,2.524726767004789041e-01,1.999898843131657777e-01,2.354236484003742746e-01
3.371319375206495161e-01,2.988973465775840443e-01,3.006743209958007701e-01,1.752389656502296167e-01,1.609980942254655711e-01,1.745016824723670812e-01,4.007460169676773654e-01,2.075327022622601159e-01,4.712954792573250673e-01,1.500000000000000000e+00,4.441061917429404149e-01,1.039885186137117223e-01,1.976034360546892188e-01,3.466907655161777235e-01,1.331517986482531613e-01,3.876294242148057290e-01,4.004538168008936472e-01,4.185265878337721679e-01,3.773680707009933188e-01,2.569778769236132909e-01,2.838163797652101250e-01,3.693454658698446247e-01,8.921409213754778744e-02,2.254491374664692183e-01,1.898567298722264041e-01,1.803744309666280299e-01,2.227536569990982984e-01,3.253611161367773175e-01,2.293158733452299036e-01,8.522575972894297358e-02,2.837271010453881193e-01,2.746565441127258866e-01,3.139963720223107879e-01,2.722485331114743445e-01,4.798857379712220123e-02,7.523962537066911094e-02,2.362714516726341640e-01,6.521621649873762805e-02,5.621726183688205425e-02,1.935264236133054094e-01,2.353945925856695542e-01,6.761411416595300428e-02,9.747238185037493396e-02,1.684227949638862354e-01,3.347967435850324192e-01,2.522823596587357997e-01,1.304683091949922213e-01,2.756454237760869175e-01,7.505473715699924331e-02,2.200991310815190727e-01,3.828140341576444783e-01,2.643810478407529474e-01,1.681374678573127890e-01,2.005634996347158694e-01,2.142552172401526178e-01,1.712412136526260675e-01,1.879538806131871576e-01,1.373466923499772063e-01,2.223805625021166854e-01,3.759773526909544472e-01,1.699000596945316188e-01,9.022868275135109695e-02,3.596958988222759279e-01,1.868485089264662613e-01,2.135312906177221914e-01,2.096191145010543044e-01,1.253479338835455648e-01,1.651011112557654315e-01
3.215064937496272535e-01,2.986353670112798508e-01,1.302526107302642566e-01,4.353065114261957524e-01,3.553235355633337367e-01,2.419922092400818014e-01,1.737634291079965254e-01,3.831016638811470809e-01,2.759875802175583148e-01,4.441061917429404149e-01,1.500000000000000000e+00,1.664470742514769508e-01,4.039268449566859598e-01,2.471126135373297172e-01,3.117053781589829153e-01,3.296178575287010415e-01,3.865798650419949856e-01,3.479222606380277805e-01,3.028825737443371358e-01,2.750163584250255866e-01,3.730839796122215057e-01,2.699074105190115147e-01,9.082065843295253349e-02,2.545184062814561110e-01,3.132311548622304098e-01,1.645673631635843903e-01,3.929775646000517320e-01,2.086121096562645327e-01,2.292952809762077160e-01,2.302821663916832517e-01,2.189972002495743364e-01,1.220215126061559990e-01,7.999191506768979498e-02,1.639203835620033078e-01,1.859114934500516736e-01,2.672387766451364555e-01,1.823610697873848663e-01,6.484212363395487622e-02,2.233653044036883473e-01,2.505352890871057059e-01,1.486044763727316087e-01,1.719346332803204369e-01,1.987859292185047144e-01,7.084535911193305668e-02,2.583677301994544706e-01,3.696317475553697607e-01,1.992203324335270753e-01,2.461438420434127750e-01,2.196805911314125836e-01,3.096224031441672242e-01,1.456885300949659345e-01,7.987571858664699320e-02,2.031582203190102076e-01,2.454560452624784950e-01,2.172284989571122982e-01,2.480362134805857433e-01,2.550888954866822322e-01,1.716452160598387067e-01,3.500073146756635944e-01,2.204745024698264166e-01,2.371212626196151085e-01,2.836116288186694145e-01,2.489582311084287958e-01,2.115589708014490034e-01,1.831267248767244338e-01,1.606598755814264978e-01,2.165328430635198587e-01,1.137010214581531953e-01
5.237203518853170703e-01,3.881173494001277646e-01,1.536290570437821024e-01,2.059451576424932706e-01,2.508099924337817144e-01,2.992224396854084034e-01,4.848802186651285928e-01,2.340176342316547253e-01,2.197463594175323998e-01,1.039885186137117223e-01,1.664470742514769508e-01,1.500000000000000000e+00,9.484813374234923877e-02,5.691242686613343649e-01,3.881173353306348606e-01,8.756989106801618683e-02,3.686873222594604371e-01,3.873333142233917892e-01,3.000367565697446559e-01,3.145550512583012992e-01,3.835425566152859123e-01,2.801700745069150011e-01,9.401260634081680390e-02,3.179624504452630562e-01,1.278942573831771679e-01,1.026827233050342097e-01,1.840960185617148692e-01,7.943723038651406831e-02,1.983048719738567667e-01,1.762901574488271728e-01,1.937182689512868539e-01,1.520328740284039304e-01,3.563581709262235719e-01,2.360897753287840573e-01,1.780369457570709357e-01,1.971563388130228855e-01,7.330801742075536420e-02,5.836235664397222689e-02,2.366572467264286828e-01,2.097253818549756066e-01,2.645264842485835211e-02,2.836347909318844007e-02,1.153865260102178020e-01,9.337482543846208072e-02,3.157264985774167476e-01,2.401445416466070348e-01,9.964387808820665549e-02,2.448191210477157487e-01,2.534098352876585358e-01,5.430856475235056047e-02,1.796461284132350456e-01,3.089631424716010599e-01,1.541903057025930113e-01,1.999589506262891003e-01,3.113237342629260329e-01,2.080056157120309945e-01,8.401981533197094842e-02,2.938837724239194982e-01,2.078271186075546784e-01,2.172815510119253113e-01,3.118425364790838317e-01,1.536651131204038179e-01,9.936272038488730418e-02,1.648308397108325107e-01,3.394768726835460937e-01,2.440807844799042781e-01,1.048216547292900591e-01,1.863376455259287967e-01
2.769855578925812800e-01,3.164912316578276097e-01,3.146578727295856193e-01,3.833917266761577292e-01,4.598849629849836584e-01,3.547296510692572458e-01,3.925642600732666132e-01,8.108986563610598441e-02,1.929359276834159698e-01,1.976034360546892188e-01,4.039268449566859598e-01,9.484813374234923877e-02,1.500000000000000000e+00,2.686206760690130202e-01,1.549422178365298386e-01,1.969239795011196448e-01,3.931468834765394771e-01,2.713418837366034508e-01,1.613535054804501878e-01,3.694807021524207924e-01,1.411313162237280150e-01,1.976079737566861505e-01,1.991766734529055172e-01,1.058022053583511923e-01,3.206578279792913211e-01,9.945305749202788814e-02,2.192466057599131435e-01,1.287362588622065207e-01,1.836708152374817993e-01,2.261041218749861026e-01,3.233535074050529756e-01,1.994356386886994292e-01,1.921308436765618022e-01,2.477211957298702250e-01,2.527769874744714151e-01,3.300646602404487817e-01,2.325639913442885398e-01,3.174535232877327973e-01,2.002797387074393698e-01,3.583980079811259767e-01,1.828627427556900054e-01,2.306348041358942669e-01,2.035069064651986448e-01,2.829540453745542639e-01,2.298456633169849717e-01,2.048123640209520147e-01,9.068594471800461854e-02,1.721244908507112981e-01,4.125431667014325260e-02,3.181273722054253072e-01,2.010339613650405921e-01,1.539342436368694444e-01,1.012378222188077548e-01,1.807700151442071801e-01,1.976241691108481247e-01,1.376741298006419478e-01,2.110423875356596812e-01,1.503150716088975103e-01,3.413015501235786564e-01,1.852595704010815414e-01,2.863972912036998331e-01,2.498937881958062657e-01,3.540266339656675254e-02,4.582755156253089102e-02,3.148910632695737233e-01,2.308423984036412357e-01,1.736942821745756094e-01,7.310329920999469877e-02
3.061148037023691537e-01,4.887161747309497484e-01,1.215706959186684671e-01,4.049742855394827812e-01,4.872997431884867336e-01,5.376011715372995825e-01,4.400296793622581748e-01,3.897133875079474286e-01,3.600718156408094783e-01,3.466907655161777235e-01,2.471126135373297172e-01,5.691242686613343649e-01,2.686206760690130202e-01,1.500000000000000000e+00,2.303163101705927307e-01,7.592059993364257131e-02,3.313305335067701640e-01,8.628128520448336003e-02,9.093368339919694066e-02,2.977570299037379242e-01,2.589364321589716633e-01,4.536141662666338670e-01,1.438510336524735089e-01,8.571091774009108322e-02,2.840068559051814878e-01,3.009169423788711772e-01,1.769917837506293778e-01,2.053486208301673055e-01,1.805105651987972681e-01,5.776200865343388696e-02,1.243623414510381803e-01,2.727681078753514954e-01,2.623877295254376518e-01,1.674191740742418943e-01,2.085944527707798701e-01,2.234093740032337683e-01,6.262398556999618227e-02,2.804033867514544864e-01,2.185438277747277502e-01,2.921469583910276113e-01,1.848799858283909359e-01,1.294021693483770608e-01,3.032208384310173810e-01,3.201819606589447753e-01,3.369387002471453396e-01,1.230689738896692809e-01,2.144438425666139181e-01,8.460167104605156863e-02,2.459662662282918189e-01,2.618573924909551875e-01,6.866410546431615802e-02,1.619517131493020956e-01,1.522215793499754888e-01,1.872918797439465100e-01,1.173783615879471498e-01,2.706342012990222701e-01,3.122762862262574712e-01,2.978389584806754864e-01,3.514260861571940064e-01,6.259645812178452062e-02,3.283705915955218435e-01,2.874493185510441640e-01,2.187381473743789384e-01,1.553014063284581248e-01,1.885399861770166441e-01,2.849214834893538661e-01,2.154263737567215231e-01,1.763330566622821061e-01
4.701054025036915940e-01,4.315513159138121280e-01,5.017356683326656963e-01,2.728615088119837884e-01,4.895375315405346428e-01,3.908389441555629729e-01,3.150029552201639160e-01,2.714990669408813284e-01,1.908822295158323634e-01,1.331517986482531613e-01,3.117053781589829153e-01,3.881173353306348606e-01,1.549422178365298386e-01,2.303163101705927307e-01,1.500000000000000000e+00,2.393385282687061355e-01,4.428104926869986802e-01,2.901959636065434278e-01,3.230740050475928715e-01,3.967681145197408110e-01,2.567212496380854025e-01,2.617000664261036613e-01,2.288425823027804284e-01,2.188605276547407885e-01,1.626164650707406789e-01,2.233695703466036242e-01,8.793924498268768097e-02,2.476267389211141423e-01,2.284462022980799367e-01,2.848282571693946386e-01,1.274463446512868192e-01,1.476579021043001594e-01,1.746717307079533876e-01,1.950044266445495611e-01,2.906704043753519651e-01,1.035696844202321776e-01,1.760899005549412810e-01,2.443347763848654763e-01,2.662747787933569255e-01,2.471267342156043267e-01,1.471053612346653328e-01,2.124588845849889607e-01,1.768917568785747796e-01,1.173374252733774548e-01,1.734215011609279156e-01,1.118443082001771838e-01,1.885462467336300740e-01,2.169803312615896929e-01,2.891341109253765529e-01,9.846278851336486004e-02,1.657501346090450856e-02,6.468797798926710640e-02,3.062556309725162351e-01,3.046278978815212257e-01,9.429885906536457363e-02,1.838626051623471203e-01,1.294810878834566359e-01,3.584152765765409310e-01,2.564010350378684300e-01,2.364199144393153706e-01,1.141376045283372942e-01,2.629763252789803496e-01,1.503320775660006714e-01,1.977368211630866623e-01,2.553711869564436188e-01,3.421240134181942616e-01,9.884096899916311463e-02,1.002912321474795088e-01
3.919078582185209214e-01,4.135808970177686783e-01,2.160578558277108652e-01,4.594859351986164964e-02,2.424396926530110741e-01,2.981306629220036308e-01,3.754535175451626516e-01,3.610637579183263446e-01,2.198518862839166088e-01,3.876294242148057290e-01,3.296178575287010415e-01,8.756989106801618683e-02,1.969239795011196448e-01,7.592059993364257131e-02,2.393385282687061355e-01,1.500000000000000000e+00,1.651122708781706527e-01,1.107245541098008379e-01,2.231682338093298190e-01,2.112154115316762781e-01,3.054674908661514365e-01,2.601656110751014994e-01,2.371413569873553895e-01,2.535204984929769756e-01,2.736864982767481247e-01,2.111743501604561313e-01,1.823602966556230887e-01,1.992620918561691101e-01,2.943461049110150940e-01,2.108348820393768364e-01,7.364623528797696606e-02,2.143892650355359031e-01,1.414707623825085525e-01,3.113073501806167820e-01,1.694901703475648613e-01,4.267846129582182624e-02,1.451973683190305175e-01,2.495653877089707984e-01,2.730875550806256546e-01,9.046894471880101429e-02,1.761311311887923392e-01,1.114602745706803344e-01,2.470582044139376654e-01,1.702078237006030004e-01,1.053269532907602501e-01,1.684265726198276858e-01,2.241953676538512297e-01,1.656855168722026206e-01,2.928864607801152653e-01,1.155134226601065711e-01,8.422450916697707402e-02,1.955289195081266751e-01,1.481690976193290599e-01,2.412539358648330967e-01,2.049393665980668855e-01,2.704830492044930645e-01,2.611407098660260551e-01,2.642272598515988946e-01,7.131777176181239297e-02,2.833952418363889780e-01,3.231921115975144310e-01,1.398876620737729004e-01,3.036204314654259440e-01,1.330085663063883261e-01,3.568794325126478650e-01,1.953875908696391661e-01,2.240703621613978347e-01,2.037432696199406035e-01
4.165909856979084780e-01,3.357195778762822602e-01,3.697607035204728554e-01,3.212511946964877740e-01,1.544939533678029442e-01,5.036401771382877923e-01,3.133436574755500414e-01,2.362886599181405756e-01,5.286852977198837067e-01,4.004538168008936472e-01,3.865798650419949856e-01,3.686873222594604371e-01,3.931468834765394771e-01,3.313305335067701640e-01,4.428104926869986802e-01,1.651122708781706527e-01,1.500000000000000000e+00,5.432439748865232065e-01,3.627687086911561831e-01,2.202767112535719551e-01,4.197863224135098270e-01,3.525480547060996783e-01,3.086611840848225707e-01,3.636506608952741471e-01,2.507943316865991479e-01,2.793958915249936670e-01,1.897752337341393203e-01,2.811753725275704663e-01,1.499240879529296633e-01,6.994856431591463253e-02,5.580760306233013140e-02,3.554935624792087689e-01,2.910781986995063519e-01,2.425231354612623624e-01,1.774778733385415364e-01,2.856974553901168168e-01,2.253523418020171865e-01,1.871523759646030183e-01,1.416772122628513764e-01,2.383611498185790878e-01,1.614974077275486974e-01,3.571706877799278312e-01,1.217234784109152285e-01,1.801494844489791580e-01,2.158683649866897647e-01,1.531621419944844131e-01,1.105943746206342893e-01,2.914480393600052399e-01,1.043358117710663086e-01,3.154845426117753870e-01,2.559011561217831021e-01,2.582714300148619135e-01,3.609233922081542950e-02,2.688784940003801083e-01,1.436442009200070147e-01,2.496665374795118686e-01,2.024550397838097426e-01,1.458606454793228702e-01,1.275505351045703728e-01,1.821913676896794732e-01,1.277728725473505911e-01,2.036537614785013384e-01,3.185258068163041717e-02,1.004809705649295365e-01,3.532899043795745264e-01,2.418744932675978010e-01,2.996576890713803509e-01,1.151195323837354567e-01
3.141611772276592940e-01,2.752610443051314304e-01,2.351436154993871430e-01,1.879329922582438361e-01,2.185788480384575350e-01,4.560696630908391835e-01,8.490396417265345941e-02,4.309044466796220219e-01,2.857708336771718205e-01,4.185265878337721679e-01,3.479222606380277805e-01,3.873333142233917892e-01,2.713418837366034508e-01,8.628128520448336003e-02,2.901959636065434278e-01,1.107245541098008379e-01,5.432439748865232065e-01,1.500000000000000000e+00,1.557053542509014288e-01,4.916847034844362696e-01,3.399572614299605222e-01,3.028257308053108332e-01,1.077272057499297636e-01,1.141570527806957669e-01,1.141543634361172344e-01,1.802817462009159710e-01,3.207751757126942049e-01,3.026336387693960850e-01,1.533068033777831574e-01,1.258559679160657918e-01,1.543320683954990113e-01,2.372260820979103790e-01,1.276311259865038350e-01,1.247557942728241970e-01,1.448428823737826776e-01,3.032543914399890017e-01,2.426471310868155706e-01,1.843233043992235365e-01,2.640253335094762122e-01,1.783677904636258860e-01,1.171809656517737025e-01,3.268243040132935429e-01,1.787870270645345872e-01,2.596835027243150074e-01,3.320673169971949945e-01,2.807107820339551640e-01,1.332248068681219644e-01,8.641027583002008905e-02,3.303700054147651333e-01,2.048914978096014888e-02,1.958366113989179758e-01,1.742156780076175027e-01,1.383785498790121860e-01,1.580030226783041281e-01,2.244086701129409389e-01,1.653525166137946589e-01,1.528183694387795222e-01,6.192459192010658225e-02,1.010538026345289969e-01,9.606839788649799983e-02,2.030771428829586667e-01,3.640700682577310276e-01,2.613612350719847210e-01,1.531878595524295561e-01,1.343717736604419233e-01,3.804681223925306943e-01,1.636594683745540291e-01,2.323543222482004622e-01
2.631608554052335958e-01,4.486480517711987637e-01,5.494635307239095212e-01,4.671759223270843808e-01,1.645466574717203700e-01,2.806677307992480053e-01,4.657296815318496819e-01,5.369627321373672268e-01,2.308466566983850832e-01,3.773680707009933188e-01,3.028825737443371358e-01,3.000367565697446559e-01,1.613535054804501878e-01,9.093368339919694066e-02,3.230740050475928715e-01,2.231682338093298190e-01,3.627687086911561831e-01,1.557053542509014288e-01,1.500000000000000000e+00,3.428306798138868738e-01,1.321488069461284887e-01,1.418719452791301350e-01,1.771874793718264396e-01,1.427469399555535978e-01,2.356739569737619777e-01,2.229406110411119579e-01,2.154810223432327976e-01,2.845303315526891419e-01,1.594660513495377296e-01,2.526687437461163088e-01,8.696458584951145820e-02,1.943298671752294871e-01,7.431310846930186398e-02,2.141696980948996631e-01,1.735512780123290022e-01,1.665790174721561712e-01,1.931662804102980413e-01,1.844296501301525004e-01,2.524372787203688073e-01,2.069902226234648646e-01,3.285485114395271244e-01,3.198109323155731154e-01,9.400064816288750125e-02,9.755331475757682280e-02,2.151012118328286538e-01,1.856436875298704825e-01,2.520242896893806206e-01,1.280828210080243168e-01,1.082011436207800936e-01,2.661613097567455677e-01,8.032261538792202782e-02,1.170573471434307039e-01,2.817798231553625410e-01,1.075391217264992372e-01,2.178254443043867727e-01,3.092288188334717525e-01,2.499716314053368471e-01,2.964713927577826702e-01,2.127050204093541008e-01,1.468255832611390921e-01,3.414538771012143870e-01,1.373059677151201308e-01,8.822481504612451897e-02,1.994029112084068078e-01,2.205996075352543162e-01,1.802413070904722026e-01,1.973819269112849495e-01,2.547139909524576695e-01
4.478902292958758524e-01,3.049412471357254573e-01,3.808894106017113312e-01,3.270963109051591711e-01,2.861838467396199404e-01,4.513350862094404059e-01,4.701646785928080829e-01,3.087026143618558649e-01,4.671486411275380668e-01,2.569778769236132909e-01,2.750163584250255866e-01,3.145550512583012992e-01,3.694807021524207924e-01,2.977570299037379242e-01,3.967681145197408110e-01,2.112154115316762781e-01,2.202767112535719551e-01,4.916847034844362696e-01,3.428306798138868738e-01,1.500000000000000000e+00,1.593513668069067857e-01,1.775286278543802831e-01,2.520981896106314624e-01,2.117998450363898777e-01,2.162322227501811966e-01,2.993304608416348378e-01,2.549494346512037879e-01,2.217041219489366277e-01,2.462216695689724566e-01,1.967321051791162123e-01,1.314949058046647468e-01,2.753310912566182544e-01,2.069274912010136136e-01,5.686431320890301955e-02,2.446994366348486383e-01,1.514768224813498321e-01,1.339742640645641414e-01,1.179797666056742467e-01,1.600142517549592858e-01,2.777347458425162285e-01,9.830471001566157274e-02,2.014439325490527677e-01,3.090659902155346028e-01,1.579432164060558530e-01,2.002347591471030364e-01,1.150216873411360197e-01,1.923350713433486792e-01,2.106218233503241444e-01,8.870087399379818216e-02,2.182465822544868428e-01,2.199945841927014589e-01,7.495899751564119584e-02,2.954427674086422262e-01,3.068498209566626334e-01,2.542549990669077387e-01,1.579818005933515956e-01,6.799476431632503481e-02,3.368826889986690221e-01,1.179567844797527187e-01,3.148527320296146126e-01,1.712725453816489607e-01,1.870059958961133584e-01,1.454750013574982459e-01,2.049018719701308777e-01,1.877265023216285744e-01,2.880716706923891479e-01,3.402644110418197032e-01,1.694164384338625595e-02
2.971465407411585935e-01,2.516806847824178961e-01,2.344957329274362234e-02,4.809038733214366923e-01,4.466066357443412849e-01,4.760196134593794870e-01,2.837692682879020545e-01,1.952059216541814912e-01,3.046203545859071937e-01,2.838163797652101250e-01,3.730839796122215057e-01,3.835425566152859123e-01,1.411313162237280150e-01,2.589364321589716633e-01,2.567212496380854025e-01,3.054674908661514365e-01,4.197863224135098270e-01,3.399572614299605222e-01,1.321488069461284887e-01,1.593513668069067857e-01,1.500000000000000000e+00,3.769582414620977762e-01,7.887773315245198702e-02,2.674821189480075523e-01,1.673029464014438861e-01,3.192182373854509647e-01,2.781333510132258380e-01,1.850350725864757240e-01,1.197838283509090468e-01,2.165225834244674796e-01,1.667860928490361438e-01,2.083600381387322176e-01,8.537231226107874771e-02,2.291443408629571521e-01,2.245420313842750315e-01,8.127629274919211111e-02,2.819651485211205344e-01,2.107028011753974417e-01,4.247200830402135530e-02,1.849437437362530523e-01,1.382047658487062791e-01,5.343953890704960380e-02,3.318041584582991366e-01,1.726980006254909550e-01,3.161928174866467378e-01,1.834463526361667096e-01,2.322980120185055009e-01,1.102965994498487090e-01,2.966971181387977885e-01,6.622156307256409080e-02,1.481278982746383754e-01,1.098497423568618736e-01,2.268569637749944246e-01,4.603743160974212156e-02,2.189877573037898872e-01,1.985707190325455840e-01,1.819143657259232050e-01,3.079928415908904649e-01,2.307755738371429222e-01,2.838167924223411465e-01,1.886564510746013557e-01,3.540974645438493273e-01,1.656525850476360806e-01,2.062245913617464788e-01,3.946496967131831735e-01,1.803709104206638325e-01,1.936490450687055609e-01,2.206116413064673210e-01
5.946475711239578715e-02,3.219333201973275105e-01,3.892925351163424308e-01,2.994008728724765200e-01,3.931893569548657874e-01,4.721858066208345361e-01,1.472750071766369684e-01,3.403833868828945453e-01,4.978814653632787079e-01,3.693454658698446247e-01,2.699074105190115147e-01,2.801700745069150011e-01,1.976079737566861505e-01,4.536141662666338670e-01,2.617000664261036613e-01,2.601656110751014994e-01,3.525480547060996783e-01,3.028257308053108332e-01,1.418719452791301350e-01,1.775286278543802831e-01,3.769582414620977762e-01,1.500000000000000000e+00,1.725815814884908983e-01,1.536804851784163983e-01,3.043809088664587437e-01,2.163490763992540478e-01,1.373376951451010242e-01,1.757059024805165404e-01,2.954619092776036848e-01,2.819123525739026803e-01,2.824827820438105541e-01,2.377523657272419544e-01,2.834918553959485110e-01,1.979950515497013730e-01,4.004057989044707000e-02,3.581579452562326793e-01,1.358463029203252903e-01,1.991397712935675246e-01,3.263206399930130841e-01,2.644024890154924590e-01,2.711436078045426079e-01,3.269539674824250008e-01,2.343313593055851018e-01,2.628597748721830940e-01,2.985877820947266947e-01,1.958792209480768598e-01,1.146740871605789747e-01,2.092407654138057072e-01,2.023243791738143227e-01,1.362988793289047762e-01,2.545478165730160613e-01,9.720198868262489023e-02,2.466384518795121106e-01,2.305948694253009967e-01,1.450180150398257539e-01,5.384077594315399978e-02,3.628075306512079743e-03,1.295485447943682533e-01,3.149500792214016132e-01,2.009300198455919451e-01,7.218753905363642365e-02,1.754531179324744228e-01,8.433793883155722704e-02,3.379839525664437572e-01,2.288496736430644662e-01,3.284772141788363520e-01,1.689225348320890774e-01,1.734026754463947606e-01
1.386800466962782585e-01,1.115738374050293524e-01,1.486235366430306015e-01,1.322296609219307528e-01,5.582867510788683263e-02,9.326951468897895503e-02,2.223001153671945174e-01,2.921761103400638548e-01,2.589436265763176981e-01,8.921409213754778744e-02,9.082065843295253349e-02,9.401260634081680390e-02,1.991766734529055172e-01,1.438510336524735089e-01,2.288425823027804284e-01,2.371413569873553895e-01,3.086611840848225707e-01,1.077272057499297636e-01,1.771874793718264396e-01,2.520981896106314624e-01,7.887773315245198702e-02,1.725815814884908983e-01,1.000000000000000000e+00,2.112355488219468946e-01,2.210113441111193067e-01,2.995733545629919448e-01,3.243433087874294518e-01,2.047100154610936307e-01,3.197924777525265605e-01,1.452955570402460483e-01,1.549474182761669816e-01,1.222718385560095100e-01,2.962473267721948966e-01,2.510609275363890336e-01,9.175940763829958102e-02,2.926789156095659927e-01,1.854427937055284914e-01,4.435279716514897719e-02,3.435201795599125973e-01,8.937967923047418495e-02,3.075179567024203808e-01,2.398667446839790052e-01,1.950391939238439731e-01,2.454167995330610308e-01,1.429620259025614348e-01,8.511850055895139877e-02,1.122998381718200434e-01,1.789546301467204170e-01,1.214083885239854582e-01,1.275201243074066126e-01,2.386103622641810862e-02,1.972890682544368446e-01,2.982175447585351802e-01,3.533602231176888875e-01,1.132047713052059257e-01,2.502827078033157959e-01,8.686889595558625055e-02,1.486914322581022740e-01,1.070671628675113479e-01,2.032339681192556757e-01,2.982439470137281390e-01,2.392217602709429958e-01,2.244949717780904963e-01,2.811952088753159607e-01,3.094018156538008713e-01,1.674551072595774071e-01,2.091922239826982111e-01,1.909894023737735980e-01
