8.000000000000000444e-01,-4.920072523610528881e-02,9.045837295387840205e-03,1.972369246299899848e-01,1.011320418951428962e-01,7.530240087787545833e-02,-1.718218682537356323e-02,1.891239390880006532e-01,2.594675490392074346e-01,2.679989784994440405e-01,1.406483033300860996e-01,4.620394175320315933e-01,1.787330200745602393e-01,1.926633481596956021e-01,4.162556772819125395e-01,2.796831050736743873e-01,2.048552708297581848e-01,1.544207458131392485e-01,8.215937225960742718e-02,3.011616920727037128e-01,2.866443990957615595e-01,-4.432371854543399464e-02,-1.338397221307410789e-02,1.121942786895012700e-01,1.289600546018376814e-01,4.097547588230775195e-02,7.587593616589453915e-02,1.536350984427200250e-01,4.771315765852376933e-02,2.028105610313835072e-02,7.252422011358394816e-02,1.302872837338065470e-01,-6.531043081671850103e-03,8.162962805192852667e-02,-6.653889697603393438e-02,1.173250432840377555e-01,5.862190151996821141e-02,8.286872758187308063e-02,1.750796883003379045e-01,1.287049836680631554e-02,4.385665788812745380e-02,4.599504819022097457e-03,-2.194899118519472170e-03,1.501155681192635483e-01,7.877568884964376850e-02,2.076102717096472983e-01,1.591449591867266644e-01,1.054515105987198498e-02,2.674125060023971878e-01,2.947434402989047575e-01,1.130522752741631998e-01,1.322301917252637904e-01,1.553463473771745373e-01,1.739082622281797885e-01,-2.749162330794978348e-02,4.543353588838833224e-02,4.787427480865658058e-02,5.718551129198623517e-02,1.992017753288277127e-01,-7.675431718102260215e-02,5.299549806303899269e-02,2.531454010779974895e-01,2.738903808430624975e-01,9.733190695042609475e-03,-6.229620574844463299e-02,-9.676961072903048078e-02,1.535571164757090767e-01,-2.752574545597044620e-02
-4.920072523610528881e-02,8.000000000000000444e-01,2.295332375717498707e-01,1.954052222015933982e-01,2.090476699807514716e-01,-1.079288022450519136e-01,2.180478757400550194e-02,1.726023563177070397e-02,2.488513145372061863e-01,1.424218851629671101e-01,1.825850384828626993e-01,3.237812403255111993e-01,2.341393209269267417e-01,4.781810657971358736e-01,2.547617192089685068e-01,3.786666128695042599e-01,2.220948185456646240e-01,1.807041905424782158e-01,2.427598343087849497e-01,2.808934350642408040e-01,1.024836599907963386e-01,1.499888069523322154e-01,-5.303680239203908964e-02,5.037838893373550175e-02,8.289264219099776176e-02,1.034657072636080422e-01,-3.227953288595458714e-03,5.901232217189522622e-03,9.048575179656243028e-02,-9.805617352426393429e-02,1.066910906603097398e-01,1.891870980497727950e-01,1.534848390825800935e-01,2.504671356355286926e-01,-5.440689495548531318e-02,1.686263372704807639e-01,-6.541445838145246161e-02,-2.421802099406897280e-02,7.402839004189326610e-02,-2.877392874027970282e-02,1.441712333524874934e-02,-2.141999778992548231e-02,-1.320100601484902603e-01,3.707006763011691519e-02,-1.225320967864645394e-01,5.840799723322434578e-02,1.087582613661325359e-02,-6.868516705716709581e-02,-6.159297214546385901e-02,1.341364024922483966e-01,1.553420947233029592e-01,-3.488188305773617937e-02,1.262728788388645385e-01,-2.126199685608759493e-02,-1.415257657650214884e-01,1.358793456995373017e-01,1.647179501015649250e-01,-2.037418342354920808e-01,1.586108449808310006e-01,1.094928582255275951e-01,-2.646455393168486991e-02,-1.754324908487042700e-02,1.102664394241145707e-02,-1.391555415232156312e-01,2.891813974707155288e-03,1.539307264769618211e-02,-1.700166744683956344e-02,-3.217757225582353053e-02
9.045837295387840205e-03,2.295332375717498707e-01,8.000000000000000444e-01,1.483213719206337433e-02,9.811741173548912953e-02,2.811423098228778561e-01,3.136605963228630278e-01,2.614227630153515003e-01,2.301693376411759195e-01,2.159100139254288564e-01,4.860240286719139102e-02,-3.654846083703006121e-03,1.247310699589274374e-01,-8.340373139704813921e-02,4.598007114209929913e-01,1.528088027174245300e-01,3.137032548131167276e-01,1.285769804277798189e-01,4.751431740823743866e-01,3.595766105083869624e-01,-7.471407645862489233e-02,3.066531648079205974e-01,-5.710326462663040115e-02,-4.704091542865380948e-02,-3.879428169020797401e-02,1.411694096396001186e-01,-1.003743862672088760e-01,2.292060106466424774e-01,8.816315387583517627e-02,4.448730083571156291e-02,1.963763566265878391e-01,-1.628590692649339866e-03,-3.946852449592447298e-03,-2.170626551060110543e-02,4.453423792134869608e-02,5.834360300997681881e-03,1.983119504429591007e-02,7.701802322942136181e-02,2.741430284007523865e-01,2.353113899145215515e-01,2.688444874534717810e-02,1.698648053903857036e-01,4.173281728798436396e-02,1.182153133541700152e-01,8.512285844617822894e-02,1.232581461014632396e-01,-7.895435187067742500e-02,-1.853473844659020986e-01,8.970242202022371547e-02,-3.353298918864791589e-02,7.502028470432617335e-02,6.062556602179738907e-02,2.040947332599374331e-02,1.937262780430756004e-01,1.476782767884484149e-01,4.831704019280164131e-02,-6.474418093722061895e-02,5.941732544362615664e-02,-2.397161351225313153e-01,1.155602738903656890e-01,-6.578877102371488705e-02,-1.297330236014476723e-01,-1.237460205619606429e-01,1.696182034609444444e-01,4.577706406259733629e-02,8.603743549109310607e-03,6.590120962327658538e-02,8.527211390579569894e-02
1.972369246299899848e-01,1.954052222015933982e-01,1.483213719206337433e-02,8.000000000000000444e-01,2.076899051561231779e-01,1.932950861676404619e-01,3.152348994384138181e-01,2.858799206777402901e-03,5.974126216685614332e-02,7.347140516547905065e-02,3.115831121375365331e-01,8.923124820237236798e-02,2.270900139427101116e-01,2.979807523547401971e-01,2.227547475981485614e-01,-1.537804334275558182e-01,1.989373505975811640e-01,1.094625997580355448e-01,3.167770269783859449e-01,2.503354280939715237e-01,3.158532202810913625e-01,2.190574679678513048e-01,2.878357152077438974e-02,1.807615372634800432e-01,8.320936609592957667e-02,1.654517897291591932e-01,-9.932622577170480138e-03,2.303100304861051828e-01,1.666753532903427759e-01,-1.477121584741539206e-02,1.618852701130413796e-01,1.368609834826149396e-01,5.538470076006612314e-02,7.439520400811026890e-02,-4.183243115022278191e-02,3.927588755853514413e-03,-2.941894645268287867e-02,3.048427262503714541e-01,-1.708553264781025871e-01,-9.763685761834223209e-02,1.880126009544330623e-02,-2.090486692966804227e-01,1.263469112737507505e-01,1.663987588181400912e-02,3.390853401091270536e-01,2.077243404859133169e-01,1.202316263961416554e-01,1.270458586787703847e-01,1.277421446141210337e-01,-4.817496360072742734e-02,6.577284881414535711e-02,3.223990616919036878e-02,1.010887630877326249e-01,1.100912425672874589e-01,2.102049008704448552e-02,-4.335634939153334977e-02,-1.861295021721403042e-01,-3.234232682535498338e-02,-1.250723790926599188e-01,-1.129249310118841110e-01,-2.172052177385829230e-01,1.115576306493307607e-01,2.697733117138589320e-01,-9.345880704294901031e-03,3.002036143672420776e-02,1.056756408692382382e-01,1.574699957693490027e-01,-6.058214364448221562e-02
1.011320418951428962e-01,2.090476699807514716e-01,9.811741173548912953e-02,2.076899051561231779e-01,8.000000000000000444e-01,2.358423092479518535e-01,1.842009401229358079e-01,3.009449422270887298e-01,1.723005281677576217e-01,8.271428445685839737e-02,2.929604272109267993e-01,1.058249230464493040e-01,3.368046174454994990e-01,3.947757615032322920e-01,3.846367291873014072e-01,1.449918201812398499e-01,-4.329270178816968517e-02,1.556010163832853843e-01,2.021502787035722726e-02,1.394162819300996392e-01,3.315061093226178146e-01,2.768494864936658084e-01,-1.014867156529063730e-01,1.254916753380269367e-01,7.277261486804953439e-02,-5.340980058045638468e-02,-2.034428325832949302e-01,1.223668240400714452e-01,5.024050197078697155e-02,3.562946085997009682e-02,1.324948136454252579e-01,2.102551363428045161e-01,9.462578838033086637e-03,1.051794029689765431e-01,-1.175801321781073105e-01,1.893856777573451611e-01,-1.383380814775621026e-01,1.253366454894915549e-01,4.583516772878043488e-02,5.472334069392703615e-02,-9.419669366686342360e-02,-1.142396589886583436e-01,3.426643693286324233e-02,-5.581728601500968168e-03,1.349479790578065330e-01,1.742437905161585976e-01,2.823773381581827224e-01,1.607103885410333111e-01,4.056633018565114490e-02,1.331135651457571456e-01,2.171800541299942489e-01,1.865489489492511144e-02,9.187284124352029790e-02,2.650879059461396237e-01,1.576847774246243339e-01,4.261646264478349821e-02,8.019753723037335857e-02,1.782097940111082579e-02,-4.895691864762713452e-02,-2.757478236946438455e-01,1.168039752076667215e-01,1.891768605088714472e-02,1.444402754019604163e-01,2.446963809185713767e-01,1.376942458179656881e-01,1.860507464716162906e-02,4.492089285295872148e-02,1.927327744485861638e-01
7.530240087787545833e-02,-1.079288022450519136e-01,2.811423098228778561e-01,1.932950861676404619e-01,2.358423092479518535e-01,8.000000000000000444e-01,1.517699720642579075e-01,6.347342483474974206e-02,2.057767511981423714e-01,6.435453646695371566e-03,6.369376773935672698e-02,1.245455286403479023e-01,1.864521903561107974e-01,4.323331135478469256e-01,2.216516207041135944e-01,2.213416606066883063e-01,4.304911474787395109e-01,3.141968608881714475e-01,1.964792930243201008e-01,3.798801201565706331e-01,3.711660569719822389e-01,3.434538460184083375e-01,-1.673574890348285826e-01,7.659977761894420922e-02,-1.363094686239141595e-01,1.744577151757968070e-01,3.389614733504658917e-03,-1.424416791778998492e-01,4.783394692354338285e-02,3.158618981356073330e-02,8.921276735647520884e-02,-5.645409287732189307e-03,4.529280392465756533e-02,9.713234905509809947e-02,-2.365349757929319230e-02,3.062626626331521607e-02,1.100041169294626031e-01,5.788772435893063673e-02,8.606154923375949894e-02,-8.856524247144624551e-02,2.089732966727642638e-01,1.110436926429707039e-01,9.386098664460607033e-04,1.426099338165547070e-01,-2.533881616124833425e-03,7.966105496902638194e-02,3.511793160683557291e-02,1.112660878953360410e-01,3.872366584947208035e-02,-5.699576340808767960e-02,-9.196285690109237687e-02,2.039226076847390490e-01,-4.204228238869969769e-03,-1.381228750035339292e-01,-1.456917172812326189e-01,1.165790514857030225e-01,-8.575955070240803835e-02,1.080472041920536030e-01,1.333886167556008751e-01,-1.572015798414353460e-01,1.874772184729640023e-01,-4.377504961757927582e-03,8.422312098744216824e-02,8.453158452910833343e-02,-2.140937520057436816e-01,1.673197497349709906e-02,6.721992042446303661e-02,7.421813158437134961e-02
-1.718218682537356323e-02,2.180478757400550194e-02,3.136605963228630278e-01,3.152348994384138181e-01,1.842009401229358079e-01,1.517699720642579075e-01,8.000000000000000444e-01,1.351937750462831322e-01,9.783562257280149776e-02,2.297349959032978506e-01,2.580223814169199659e-02,3.872025317301892589e-01,3.206713746549120780e-01,3.276490204326980016e-01,2.704877892631561975e-01,3.153714493673870911e-01,1.638927020667749201e-01,-1.412523224220560425e-02,2.668134298273497906e-01,3.088032397095544779e-01,1.615086427664740865e-01,1.086530990812017983e-03,1.493975043724911078e-01,-1.245886713695803505e-01,1.512994124906826554e-01,1.496508997766057836e-02,1.757138907605153566e-01,1.658601944292512065e-02,-1.068542558518792429e-03,-5.761495569300346953e-02,3.897498531508894470e-02,1.713167054206703732e-01,2.647276295149222358e-01,9.325985083378957041e-02,1.976134829234221513e-01,9.804791268768667245e-02,1.320769056860690571e-02,1.718286407529401316e-02,7.611881347031873579e-02,2.343125239992079056e-01,2.456305538782341258e-02,7.371169355654176580e-02,7.210577202150486587e-02,1.893814343165370617e-01,4.856512047191519077e-02,-3.448630474003358537e-02,9.074228004640746970e-02,-7.091833877426097221e-02,1.715852241726800731e-01,-1.145970708470289423e-01,2.052098819485335124e-01,6.197084848035433469e-02,-1.741458430587847217e-02,-1.172042700483226924e-01,5.192688878763968008e-02,2.354857972747537165e-03,1.878386124697767889e-01,1.527258762381267232e-01,2.377972829382498099e-01,-1.067657534583355827e-01,1.419419252116503882e-01,-5.784809369206442287e-02,1.682858344710307930e-01,-5.349559078716115135e-02,1.275507162201461320e-01,7.028252827857681129e-02,7.007569323934814687e-03,-9.461093796356606633e-02
1.891239390880006532e-01,1.726023563177070397e-02,2.614227630153515003e-01,2.858799206777402901e-03,3.009449422270887298e-01,6.347342483474974206e-02,1.351937750462831322e-01,8.000000000000000444e-01,1.803141669217977472e-01,1.751060823264704858e-01,2.484322347563424627e-01,1.350590093031028838e-01,-8.247063208657531841e-02,2.076571824371968300e-01,1.597701982122263220e-01,1.496257705967159457e-01,1.495557428246658827e-01,2.953311996364058611e-01,4.757845418770292323e-01,1.739452618920504234e-01,1.131977025316230900e-01,2.992312835589076014e-01,1.158096251329012727e-01,7.132623352120123772e-02,1.938365958434593306e-01,3.667687696411292553e-03,-9.309086255510372332e-02,-1.385597686327161293e-02,1.776046650518665615e-01,-5.631610865232189456e-02,1.628571725608689291e-01,2.919343690748860132e-02,-4.032443345327929585e-02,-1.351457258278704332e-02,-1.099926518243821150e-01,2.055754635938759900e-01,5.410263445579358010e-02,1.923250771290914429e-01,1.324412551453577058e-01,1.185465027584067799e-02,2.851246011286587279e-02,1.577452947386966120e-01,1.221563594003748643e-01,-9.813783173911985735e-02,-2.556522566837335364e-02,3.120699914350837934e-01,4.509767418281185325e-02,1.260644267867694346e-02,-1.057714303430635910e-01,-1.587663958174978518e-02,1.517410649666769973e-01,2.344485534031712226e-02,2.235432131287051760e-01,-5.013194120583469582e-02,2.224922794604169973e-01,7.046547712524905971e-02,9.252102617157420550e-03,-1.711795367015173097e-02,9.705677982098195877e-02,-2.538834044019301350e-01,6.622893411878461034e-02,-5.733770534537308006e-02,-8.471104835183561332e-02,4.083473805514756250e-03,2.849431233918028328e-01,1.243938430161653091e-01,2.069817098832782420e-02,4.686387317251961004e-03
2.594675490392074346e-01,2.488513145372061863e-01,2.301693376411759195e-01,5.974126216685614332e-02,1.723005281677576217e-01,2.057767511981423714e-01,9.783562257280149776e-02,1.803141669217977472e-01,8.000000000000000444e-01,3.577337571485010859e-01,1.368104469457126215e-01,1.585676806007273731e-01,1.005912552392490000e-01,2.595752963549365355e-01,7.140815598829002020e-02,1.010917528783892294e-01,3.709088132695432249e-01,1.820102121132204653e-01,1.429298595902771529e-01,3.782978248004730260e-01,1.836834445205326460e-01,3.342201887430993890e-01,-7.588997954914966648e-03,-9.337569379963664429e-02,-1.107221029882111407e-01,5.305435183606493910e-02,7.580103664476173231e-02,-2.249047895518300755e-01,-1.689769117242382879e-01,1.959153806070201842e-03,1.116185193484286603e-01,-4.089209071357932657e-02,-5.819501746855743063e-02,2.246162403065096735e-02,7.025363271986467817e-02,-1.324923681729696656e-01,8.307062321656666359e-02,-6.856963229592955011e-02,1.506714310599969187e-01,1.515363021245018094e-01,-1.971307986218657771e-01,2.612620008710230257e-01,-7.673357397028784943e-02,2.329789901656326156e-02,1.133542433029093993e-01,4.008024169372592649e-02,-5.682344939189935829e-02,1.383434490356369451e-01,1.093457255644649795e-01,-4.442874392066678557e-02,3.741122047972811338e-02,-2.917616067151929116e-02,1.763143743508329142e-01,1.607553420326021665e-01,1.446057976013188362e-01,2.012475592932022050e-01,2.992503662979734136e-03,7.241233452970138873e-02,1.256818844295576332e-01,-2.293994575540314607e-02,-2.030941305036514377e-01,1.934672127847323064e-01,7.442569895896006260e-02,-9.340033121143261063e-02,-1.187867621220815018e-01,1.096081111775739081e-01,8.245861610466795333e-02,1.829758574361665391e-01
2.679989784994440405e-01,1.424218851629671101e-01,2.159100139254288564e-01,7.347140516547905065e-02,8.271428445685839737e-02,6.435453646695371566e-03,2.297349959032978506e-01,1.751060823264704858e-01,3.577337571485010859e-01,8.000000000000000444e-01,3.103372416749281548e-01,1.363932231143769047e-02,1.170540961158026000e-01,2.574857950760020553e-01,7.331585840941753918e-02,3.119460231559720853e-01,3.132936288967697047e-01,3.062403958983539454e-01,3.501739025318795773e-01,1.374704163199208518e-01,1.231254042865095044e-01,2.770601341610423041e-01,-1.746717604461060502e-01,8.482961279721462633e-02,6.804369120171467611e-02,-3.759612920318558538e-02,4.529864012172543641e-02,2.766654958608363857e-01,3.991512322677095992e-02,-1.901591053922550567e-01,5.191130601765808761e-02,1.517767222845673447e-01,1.587463028360011075e-01,6.619112469455121217e-02,-2.597149885577750006e-03,-7.504348119653456162e-02,1.255828766472242009e-01,-1.279289911579759853e-01,-1.206410757720269289e-02,2.871041566882903684e-02,1.620609411478420303e-01,-1.174897387506834145e-01,-1.657797870097413306e-01,5.681940181452424521e-02,2.064687222451421222e-01,2.310647801616727559e-02,-3.648452972930152360e-02,2.469376945059147954e-01,-6.460462688123834452e-02,4.837998754479877483e-02,1.125667252011328112e-01,5.801083459323802538e-02,7.292829227056545072e-02,6.889089314651211660e-02,-7.476174528809992337e-02,7.213355859464259945e-02,6.066527375712396641e-02,-1.886102350708940278e-02,5.518866531326349634e-02,1.148786542575369607e-01,-3.584932431005583009e-02,-3.530886201321048468e-02,2.456184132097744000e-01,8.402801101779376614e-02,-6.989571809830208426e-02,-8.152573257158635123e-02,6.083606096884436321e-03,-1.065554843759321524e-01
1.406483033300860996e-01,1.825850384828626993e-01,4.860240286719139102e-02,3.115831121375365331e-01,2.929604272109267993e-01,6.369376773935672698e-02,2.580223814169199659e-02,2.484322347563424627e-01,1.368104469457126215e-01,3.103372416749281548e-01,8.000000000000000444e-01,-3.217463913616580573e-02,3.080018417169307354e-01,4.097284204866860624e-02,1.460054264830434323e-01,2.339874564778091082e-01,2.774973112719981705e-01,2.275313058889836260e-01,2.020061140808042666e-01,1.730008635628689229e-01,2.068835916429842825e-01,8.513544867290057105e-02,-1.381953607662132488e-01,4.460930866881868129e-02,6.436757737560275250e-02,-1.464655513991658387e-02,1.871469135535100137e-01,8.422313975263194530e-02,8.260903248443482449e-02,3.110668896781165760e-02,1.689376989839803667e-01,-1.917152710886928235e-02,-1.555482984812194547e-01,-3.521699873460043539e-03,-1.711367548135239725e-02,2.408717538820058790e-01,1.205187681002285183e-01,-2.017397134661461089e-02,2.920527482846321798e-02,6.312636140970520615e-02,2.618173158633843589e-02,6.221716685374914513e-02,-1.633952079939240964e-02,-3.281200297565245450e-02,6.451500549484207037e-02,1.888818777445962771e-01,7.847566446491621717e-03,1.967498989343491322e-02,-8.595534584813185885e-02,2.083270470990170598e-01,-6.011884819962870496e-03,-2.400222134734589230e-02,8.032085407218170214e-03,3.481899195498427968e-02,7.613140370222501452e-02,2.128586698655773324e-01,5.520189521577983927e-02,6.824116895525014770e-02,2.089937182094938062e-01,3.159388418924014008e-02,1.521187029095839027e-01,1.340352731046700607e-01,-1.412030368112088263e-02,4.618202789152822674e-02,9.568287764577576571e-03,3.488281225368386473e-02,1.173803507987620093e-01,5.199000403413355648e-02
4.620394175320315933e-01,3.237812403255111993e-01,-3.654846083703006121e-03,8.923124820237236798e-02,1.058249230464493040e-01,1.245455286403479023e-01,3.872025317301892589e-01,1.350590093031028838e-01,1.585676806007273731e-01,1.363932231143769047e-02,-3.217463913616580573e-02,8.000000000000000444e-01,2.363991272499005314e-02,4.836054184485179541e-01,3.170972959864785667e-01,-3.304541043118408572e-02,1.752425613024141127e-01,3.575556590687304359e-01,1.790447589842615872e-01,2.099891524596353143e-01,2.490081318838198998e-01,1.371815535020449173e-01,-5.665819478636434370e-02,2.218127177166555053e-01,-2.497257748894304852e-02,-9.379049744957139445e-02,2.072773492703339215e-02,-1.224805850095584125e-01,4.890968217369073834e-02,-1.553088867847710053e-02,-8.416787883073451049e-02,-6.777874018277507684e-03,3.056328719021720319e-01,1.202798990339002949e-01,1.529600687124921254e-02,-1.837208473617762960e-03,-6.956998328817451394e-03,-1.205050229274095414e-01,-1.005065611164757122e-02,6.179820744820238576e-02,-8.765919962586206371e-02,-6.607749395403901549e-02,1.095545237828942503e-01,-1.187589073000093060e-01,1.644076987668685874e-01,6.021238163474801341e-03,-2.798632965105535275e-02,1.319670792380239766e-02,4.356579266905963310e-02,-1.400792249406707102e-01,1.140781088411762512e-01,1.077863121793401491e-01,6.349028719670637977e-02,1.145937912334760445e-01,2.506421079842229838e-01,5.855723353438593848e-02,-1.188253182140522890e-01,1.025271752021768845e-01,4.234531206821953719e-02,9.570757200675186760e-02,1.198349714402484611e-01,-2.042319206715656477e-02,-2.452297219810575801e-02,8.158357079889878849e-02,2.072450555888065982e-01,4.581451072670780778e-02,8.526934461175889046e-03,2.846306801732315095e-02
1.787330200745602393e-01,2.341393209269267417e-01,1.247310699589274374e-01,2.270900139427101116e-01,3.368046174454994990e-01,1.864521903561107974e-01,3.206713746549120780e-01,-8.247063208657531841e-02,1.005912552392490000e-01,1.170540961158026000e-01,3.080018417169307354e-01,2.363991272499005314e-02,8.000000000000000444e-01,1.807792728204010713e-01,2.884169280616019626e-02,9.644488530985695363e-02,2.656079741449133280e-01,1.433227808709251760e-01,1.781778331111427693e-03,3.508194035610300299e-01,-1.344907337306300299e-02,8.328308592923586162e-02,-3.149068781730618438e-02,1.275991045455859840e-02,1.675874696028789856e-01,5.794920263165776603e-02,1.321151652398019904e-02,7.816034720712489170e-03,8.738414568553569406e-02,-1.777066501389346076e-02,1.858025056056469004e-01,2.241843193995596284e-02,5.616207763727135149e-02,6.404390482912403204e-02,1.544311099169955737e-01,1.685094224122547502e-01,-5.485720056480902773e-04,1.144643918212686073e-01,7.519443863086996971e-02,2.301526669934745306e-01,-2.532031326449726838e-02,1.322013855123879145e-01,-2.241061231654542518e-02,1.557991451898216029e-01,5.333965400964488235e-02,1.737285970675309932e-01,-5.030268304501950283e-02,1.385619250721525919e-02,-1.329655943503797177e-01,1.716528673598500809e-01,-1.784967681065463552e-02,-1.091501442273970224e-01,-4.462772368062586925e-02,9.128547801915590232e-02,6.055492719649377409e-02,-1.809479121310347827e-02,6.238627432369986403e-02,-4.401409392868402271e-02,2.522796209535391743e-01,-1.261893530536232766e-01,1.681665809020743974e-01,1.863206619889183346e-01,-1.552528613230766963e-01,-1.515331973466361726e-01,1.954444135976579067e-01,-3.411005843047210107e-02,-8.690965050688259641e-02,2.533778943218602253e-02
1.926633481596956021e-01,4.781810657971358736e-01,-8.340373139704813921e-02,2.979807523547401971e-01,3.947757615032322920e-01,4.323331135478469256e-01,3.276490204326980016e-01,2.076571824371968300e-01,2.595752963549365355e-01,2.574857950760020553e-01,4.097284204866860624e-02,4.836054184485179541e-01,1.807792728204010713e-01,8.000000000000000444e-01,1.629322895351787981e-01,2.022392184913743979e-02,1.818287614336282776e-01,-9.297835218667449553e-02,-7.700242924640887665e-03,1.879849331891648156e-01,1.071644840395171161e-01,3.249977949638915842e-01,-3.072778203059484126e-03,1.432280094633982259e-02,9.468916961157247680e-02,1.224366227013605479e-01,-2.275481612111232566e-02,1.732631145635477043e-02,5.791137540254742699e-02,-6.373705705417044565e-03,-5.130285222747145435e-02,1.738454788721072175e-02,5.905147275451488875e-02,4.891588515367778500e-03,6.935689379013593170e-02,1.604313000277207690e-01,-2.239957953114099787e-01,8.176785777906339647e-02,9.584043250138088443e-02,2.613929317645510286e-01,8.666796210340714512e-02,-2.244053093038139712e-02,1.275454417732776458e-01,5.337944647702497214e-02,1.637179402990381893e-01,-6.033701185773315823e-03,8.288880516530539033e-03,-5.663752018813314471e-02,8.184535481047794381e-02,4.407265119659165009e-03,-1.666028870353390978e-01,8.044503252021523165e-03,5.822066418167631818e-02,9.040138719359416819e-02,-5.003386903350912074e-02,8.588952139998429214e-02,1.478674158007759198e-01,8.192980623700080178e-02,1.478348019830696969e-01,-1.174961763800081993e-01,2.047072339039252009e-02,1.812147086729167800e-01,1.261595708080756606e-02,8.546967796040777499e-02,-6.092512460151197629e-02,1.523236561934276645e-01,9.780401520155579398e-03,-9.186323250863770440e-04
4.162556772819125395e-01,2.547617192089685068e-01,4.598007114209929913e-01,2.227547475981485614e-01,3.846367291873014072e-01,2.216516207041135944e-01,2.704877892631561975e-01,1.597701982122263220e-01,7.140815598829002020e-02,7.331585840941753918e-02,1.460054264830434323e-01,3.170972959864785667e-01,2.884169280616019626e-02,1.629322895351787981e-01,8.000000000000000444e-01,2.116315863250639029e-01,2.520054018630355497e-01,1.844900410598575846e-01,2.507988079391826330e-01,3.502298255446416597e-01,1.314240338329051017e-01,7.264924169610340043e-02,-7.361507023905533575e-03,8.601446807064577760e-02,1.345800068751754619e-01,3.180871847687485876e-02,-2.104121953169635351e-02,8.001061765036976414e-02,1.460166605257035566e-01,1.667819718716848088e-01,-1.505241405948666011e-01,5.366512765513484218e-02,-1.035839160842221274e-01,-2.605673604231109608e-02,2.012528170340784628e-01,-1.643769309676715307e-02,6.689640196187936205e-02,1.280420010359753502e-01,1.191806592912735274e-01,1.673575270330894815e-01,-2.284651021276060123e-02,-1.628871120030650488e-02,-9.200917692824550631e-02,1.971036166603309936e-02,5.039628772786908240e-03,-4.299554338224750860e-03,-1.902038444624459812e-02,1.048321048534651412e-01,1.647660265958694192e-01,-9.099545555513248452e-02,-2.564190300885009766e-01,-1.027483343360471174e-01,2.084899434501976123e-01,2.362318941894584468e-01,-1.062295713730651431e-01,2.349423660426877558e-02,-3.540914162176284075e-02,2.165798268161986118e-01,6.095087884889696661e-02,6.420866560300217407e-02,-6.954048836904527797e-02,6.810705534053701493e-02,-3.838607368370242079e-02,7.602947294499488862e-02,8.896098536131513690e-02,1.979681996646680264e-01,-1.236669144948033816e-01,7.588370652514969672e-03
2.796831050736743873e-01,3.786666128695042599e-01,1.528088027174245300e-01,-1.537804334275558182e-01,1.449918201812398499e-01,2.213416606066883063e-01,3.153714493673870911e-01,1.496257705967159457e-01,1.010917528783892294e-01,3.119460231559720853e-01,2.339874564778091082e-01,-3.304541043118408572e-02,9.644488530985695363e-02,2.022392184913743979e-02,2.116315863250639029e-01,8.000000000000000444e-01,3.549085138643509607e-02,-2.868718932984318237e-02,1.527637727895375108e-01,1.481676338259117764e-01,2.136276649569686659e-01,9.349882887081359395e-02,-5.542814665289996778e-03,8.166006059459698929e-02,1.131324109290995916e-01,1.250637966819168889e-01,5.872148697562984410e-02,3.531197600627644650e-02,2.688867759111744915e-01,1.266071981509370170e-01,2.652422342853295867e-02,1.622371944427104806e-01,6.917857557600995411e-02,1.823371665716393419e-01,4.153970008870291886e-02,-1.439593785353699973e-01,6.209204692637691758e-02,9.731882658181761903e-02,7.128143515378973505e-02,-2.865688709952479707e-02,-6.704813428882253068e-02,-4.427732116541419072e-02,1.002585604779255568e-01,-1.318698383325642154e-01,3.586357010895110942e-02,-6.365263705996812571e-02,9.838751646121240979e-02,-1.447212604294931260e-02,7.955142868082817897e-02,1.127797555934074991e-02,-9.602715149935228678e-02,1.157258139094522187e-01,9.103885274619377688e-02,2.076979729779888650e-01,-1.107986973189842295e-02,9.763868385832494279e-02,1.673094446646419264e-01,1.457596784889427788e-01,-1.465751159777991530e-01,2.270439890815268702e-01,1.650219024622900377e-01,1.307878878558643709e-02,5.913638200325321836e-02,-1.204316373238280835e-01,2.721401755273005207e-01,-3.936805077770227923e-02,-8.069183743834643097e-02,1.401165499133379122e-01
2.048552708297581848e-01,2.220948185456646240e-01,3.137032548131167276e-01,1.989373505975811640e-01,-4.329270178816968517e-02,4.304911474787395109e-01,1.638927020667749201e-01,1.495557428246658827e-01,3.709088132695432249e-01,3.132936288967697047e-01,2.774973112719981705e-01,1.752425613024141127e-01,2.656079741449133280e-01,1.818287614336282776e-01,2.520054018630355497e-01,3.549085138643509607e-02,8.000000000000000444e-01,4.029011737833636531e-01,1.777128371557295805e-01,1.161943760346729748e-01,3.101433638650684665e-01,1.568704405255329226e-01,1.091593906711217921e-01,2.106571310229889971e-01,1.215100413264958434e-01,2.310168394109713697e-01,2.229642226838940422e-02,1.594394197930798229e-01,8.423539329399859499e-02,-5.325191546745057514e-02,2.574839351720543956e-03,2.200214823189977909e-01,1.797020402258512894e-01,8.896696995931110963e-02,-2.816956290647409933e-02,2.226291955321103300e-01,5.877683658292212621e-02,-2.934419139684701916e-03,-3.694241585337301736e-02,1.520873501593907884e-01,2.016122985293050673e-03,1.632977448833737300e-01,-4.426484755059835463e-02,4.145516954237618568e-02,8.628491601477306094e-02,2.067826671989680953e-03,-1.379847802857030459e-01,1.580564217342955713e-01,-5.652388784230523433e-02,2.163075233021062027e-01,2.766295288532355512e-02,7.827860383273141376e-02,-9.899032059619125579e-02,2.392187423205499319e-01,-8.251158679580111732e-02,5.058914758022922675e-02,2.191992897735792201e-02,-2.162308878752799979e-02,-6.897027227554911044e-02,9.594997747256291121e-02,9.184550366249964737e-02,1.391620756912630708e-01,-1.677526649409567805e-01,-1.066530374124226715e-01,1.885568062844970028e-01,1.129179967104350923e-01,1.393581240910799213e-01,-6.690881646623028645e-02
1.544207458131392485e-01,1.807041905424782158e-01,1.285769804277798189e-01,1.094625997580355448e-01,1.556010163832853843e-01,3.141968608881714475e-01,-1.412523224220560425e-02,2.953311996364058611e-01,1.820102121132204653e-01,3.062403958983539454e-01,2.275313058889836260e-01,3.575556590687304359e-01,1.433227808709251760e-01,-9.297835218667449553e-02,1.844900410598575846e-01,-2.868718932984318237e-02,4.029011737833636531e-01,8.000000000000000444e-01,4.135519909670189176e-02,3.273178543765398185e-01,2.286784363765580197e-01,1.229364569002763252e-01,8.546126808623172311e-02,-1.528515500560971851e-01,-2.692832915081166956e-02,2.693042364290573754e-02,2.099820048742959133e-01,9.460743985617997565e-02,1.026646845769047522e-01,-6.815619272697870379e-02,-2.064474116782316626e-03,1.226324685600727049e-02,2.420885178130344206e-02,1.578521705700788869e-02,-2.350489451224957449e-05,1.150845404619346979e-01,4.029938414856990003e-02,4.004990651510895172e-02,1.837698682316119825e-01,-1.899602618297968615e-02,-1.761406174585734008e-01,1.395644473209721181e-01,5.923157309971918694e-02,1.135513425285189226e-01,1.603430774058721142e-01,9.490118719175377748e-02,-1.609677953584331689e-01,-8.688877667537037164e-02,2.273629135355797748e-01,-2.162112126035007076e-01,6.334691248618581905e-02,-4.087696310617128237e-02,-8.235240027853446554e-02,-2.100584462873172908e-03,2.220028940707308163e-02,1.346502642037198383e-01,1.400005280130045549e-02,-1.273430041172257110e-01,-4.150164853338338122e-02,-1.556885883046003061e-01,1.014409525341771756e-01,3.493761233734722915e-01,2.380381169602921454e-02,2.043927846631746204e-02,-9.710339005676346669e-02,3.173276800949152432e-01,-8.227085727211563837e-02,9.156519399139684268e-02
8.215937225960742718e-02,2.427598343087849497e-01,4.751431740823743866e-01,3.167770269783859449e-01,2.021502787035722726e-02,1.964792930243201008e-01,2.668134298273497906e-01,4.757845418770292323e-01,1.429298595902771529e-01,3.501739025318795773e-01,2.020061140808042666e-01,1.790447589842615872e-01,1.781778331111427693e-03,-7.700242924640887665e-03,2.507988079391826330e-01,1.527637727895375108e-01,1.777128371557295805e-01,4.135519909670189176e-02,8.000000000000000444e-01,1.622926039393778330e-01,-2.392182699760625475e-02,8.725245409582815803e-02,-3.559863777489852277e-02,-1.557164835604243902e-02,1.443572370975219621e-01,1.361297116290118014e-01,1.453274677146249583e-01,2.026855087024463375e-01,7.097899975809027207e-02,7.901837254001153887e-02,-9.580467353906681194e-02,5.727679109861050222e-02,-1.112048173554492370e-01,1.177392234559282436e-02,-2.097748196810672594e-02,1.194359125423740259e-01,1.329685449832566924e-01,3.126079094652789436e-03,7.729704290526523414e-02,1.036393930296522770e-01,6.096792809324530493e-02,1.808363600448521513e-01,-1.155775848276101303e-02,-1.788851273071125347e-01,1.638467601347670666e-03,8.790992590151361363e-02,8.343584658002370369e-02,4.384081496571212710e-03,5.076428189253191781e-02,7.784037113426714449e-02,-1.892785524486129134e-02,1.762160537367821189e-02,8.318503396515022907e-02,-8.135179424897767686e-02,9.412167537213418644e-02,1.179452047293494676e-01,6.651591961306624334e-02,7.613519558614284533e-02,-1.418863384802251937e-02,5.071016189453980694e-02,1.578557489976803174e-01,-7.622187568196331364e-02,-6.191638565888125945e-02,8.904372813063114733e-02,4.961306280965488424e-02,-5.903653424423677132e-02,6.147753554706772428e-02,6.195340661047579744e-02
3.011616920727037128e-01,2.808934350642408040e-01,3.595766105083869624e-01,2.503354280939715237e-01,1.394162819300996392e-01,3.798801201565706331e-01,3.088032397095544779e-01,1.739452618920504234e-01,3.782978248004730260e-01,1.374704163199208518e-01,1.730008635628689229e-01,2.099891524596353143e-01,3.508194035610300299e-01,1.879849331891648156e-01,3.502298255446416597e-01,1.481676338259117764e-01,1.161943760346729748e-01,3.273178543765398185e-01,1.622926039393778330e-01,8.000000000000000444e-01,5.002684358566510114e-02,5.431245954240100648e-02,5.827694915764047856e-02,1.607838433493471997e-02,1.341072487686996717e-01,1.329769368113234707e-01,7.329043139635416093e-02,5.589260270191181990e-02,1.272006572729788010e-01,8.237226142482918789e-02,1.054292261531501324e-01,2.250410864091915708e-01,1.480260286674002779e-01,-9.642780317210207508e-02,9.947326898247385585e-02,-6.155615502455388799e-02,-1.092039041829997448e-01,-1.764568610139757021e-01,-4.620898359147593282e-02,6.269287404260165397e-02,-9.952691748217315504e-02,-2.510315837948282058e-02,2.718745737260859774e-01,-2.124781672488776363e-02,6.254820268201513600e-02,-1.125473631039835831e-01,7.709788370539022440e-02,1.215895296511408374e-01,-7.531916766999709190e-02,1.340424403894125149e-01,7.338423304577004758e-02,-7.879384256432400702e-02,9.859591606497580818e-02,2.047261346001673643e-01,4.265102400017944939e-02,1.042804489010351610e-02,-1.610378700862349910e-02,1.840777177461030700e-01,-7.423317523679229257e-02,2.754005738151813487e-01,4.822759763439823932e-02,7.952721723215101790e-02,-3.356767656280976175e-02,-6.622031521333854309e-02,7.290229570801962100e-02,1.564126484930380978e-01,1.986981815189767797e-01,-1.490224287382229673e-01
2.866443990957615595e-01,1.024836599907963386e-01,-7.471407645862489233e-02,3.158532202810913625e-01,3.315061093226178146e-01,3.711660569719822389e-01,1.615086427664740865e-01,1.131977025316230900e-01,1.836834445205326460e-01,1.231254042865095044e-01,2.068835916429842825e-01,2.490081318838198998e-01,-1.344907337306300299e-02,1.071644840395171161e-01,1.314240338329051017e-01,2.136276649569686659e-01,3.101433638650684665e-01,2.286784363765580197e-01,-2.392182699760625475e-02,5.002684358566510114e-02,8.000000000000000444e-01,2.686377490598147455e-01,-4.773923787525545526e-02,2.335478058622656450e-01,-6.205173626301052625e-02,8.319918052628433314e-02,1.216889409516106468e-01,1.116772879751497249e-01,2.910424052623497571e-03,7.801790400460001385e-03,-1.967173508997413500e-02,7.429960405253546729e-02,-1.379911437603176527e-01,1.503553644279716495e-01,1.410011650752522328e-01,-7.632770818166760562e-02,1.879054004689431068e-01,-9.163697337337239901e-03,-9.971843593016800622e-02,-6.327802306539129229e-02,6.664425958967958030e-02,-2.099494991284753254e-01,2.358797271244074956e-01,6.772334568663018750e-02,1.377371561209790873e-01,-1.069160388714082699e-02,5.137802668838412079e-02,-3.644692005858746198e-02,1.370124395727274902e-01,-9.209233805805679129e-02,-3.459025332017881538e-02,-9.756388778764055192e-02,1.202162170591589418e-01,-2.179895235979347201e-01,8.783899370394820938e-02,3.478545714887373852e-02,-6.096813167449979809e-02,7.391850968888094564e-02,6.136024299619380340e-02,9.034640635237414785e-02,-4.401316946368319383e-02,2.221290006896383673e-01,1.162360726799810534e-01,6.431723037225961503e-02,1.432515475456768161e-01,-5.418048718055151758e-02,2.188767790223516974e-02,1.508827247073032118e-01
-4.432371854543399464e-02,1.499888069523322154e-01,3.066531648079205974e-01,2.190574679678513048e-01,2.768494864936658084e-01,3.434538460184083375e-01,1.086530990812017983e-03,2.992312835589076014e-01,3.342201887430993890e-01,2.770601341610423041e-01,8.513544867290057105e-02,1.371815535020449173e-01,8.328308592923586162e-02,3.249977949638915842e-01,7.264924169610340043e-02,9.349882887081359395e-02,1.568704405255329226e-01,1.229364569002763252e-01,8.725245409582815803e-02,5.431245954240100648e-02,2.686377490598147455e-01,8.000000000000000444e-01,-3.135169540271559585e-02,-5.084728523999784700e-02,1.632201405529036808e-01,7.649439854932665872e-02,1.437868044875377505e-02,-9.234160367513877254e-02,2.305368242438524673e-01,1.972290727642860564e-01,1.901986379242738556e-01,3.307181081990273608e-02,2.154455841101960423e-01,5.487401937155325649e-02,-1.844667609243391126e-01,2.635092004406085486e-01,2.235251788706038578e-03,1.256616263380613829e-01,1.744820068188259188e-01,1.050658204554338337e-01,1.077013089333984375e-01,3.142426295147870974e-02,2.430669578014219012e-02,3.148150185709108762e-02,2.018229471718162027e-01,1.108509922095787525e-01,-4.744737517623184853e-02,-9.288955178339880492e-02,9.376786483631883995e-02,-6.784013443051378767e-03,1.484014278582320434e-01,-2.044183773962532091e-01,1.117602838632739681e-01,-3.266458606711930557e-03,3.548660815937072777e-02,-3.758354279547824334e-02,-1.682347155703724506e-01,1.257945112881669880e-02,2.562544808462681178e-01,-1.633695022257436458e-02,-2.164269126807023824e-02,1.724143971641278750e-03,2.658728488472054952e-02,2.587911415187233999e-01,1.923464827134496735e-02,1.280809685268293197e-01,-1.131555073325387073e-01,-7.286117289231341942e-02
-1.338397221307410789e-02,-5.303680239203908964e-02,-5.710326462663040115e-02,2.878357152077438974e-02,-1.014867156529063730e-01,-1.673574890348285826e-01,1.493975043724911078e-01,1.158096251329012727e-01,-7.588997954914966648e-03,-1.746717604461060502e-01,-1.381953607662132488e-01,-5.665819478636434370e-02,-3.149068781730618438e-02,-3.072778203059484126e-03,-7.361507023905533575e-03,-5.542814665289996778e-03,1.091593906711217921e-01,8.546126808623172311e-02,-3.559863777489852277e-02,5.827694915764047856e-02,-4.773923787525545526e-02,-3.135169540271559585e-02,0.000000000000000000e+00,-2.798148147885787251e-03,6.995390024672373808e-02,1.552009715086207775e-01,1.174778048514207862e-01,1.410715972857085609e-01,1.867309293237335022e-01,-3.536219112877361792e-02,-1.213293430226156100e-01,1.120490089137303746e-01,1.960074853532555172e-01,4.303234533284627794e-02,-4.114924211276842214e-02,2.853259727163776072e-02,5.536370861906572682e-02,-6.694768313964918893e-02,1.880508239310006435e-01,7.255787963385371131e-02,1.113402820098701174e-01,4.017455261099284192e-02,2.230230377320882584e-02,1.849600658638607398e-01,-4.573312707596863258e-02,-2.972060814026114550e-02,-5.566127078381505333e-02,7.356606388253837669e-02,3.285482148868930363e-02,-6.342258029701364208e-02,-1.019791328056452728e-01,-6.552053743677296871e-02,5.072245653872958782e-02,2.470178276863510825e-01,-1.703481749917282184e-02,1.385055594180610583e-01,-9.620054835561728246e-02,6.279623736627057418e-02,-8.894275568109670516e-02,9.539992812617964502e-02,1.423783565374035220e-01,6.835249521660730077e-03,1.196666130500617931e-01,8.019030617228278812e-02,5.597903024704731223e-02,2.140185405475153457e-02,-2.289727401966162867e-02,1.279942064053041784e-01
