1.500000000000000000e+00,3.773737928710602652e-01,3.404755064297861900e-01,1.951750904518729790e-01,2.533011234951354496e-01,2.981496263648535927e-01,2.998083770555336480e-01,3.688834687348665486e-01,3.991486034214316581e-01,5.741110620410248000e-01,2.629039660037445492e-01,4.296661863673486570e-01,3.218024859772047330e-01,2.579462052323239218e-01,2.393283983101715529e-01,2.803131245247271197e-01,2.612754154420550146e-01,4.685326365500663282e-01,3.276127470595402991e-01,5.002227696764134368e-01,4.382164699598638524e-01,3.068940333998260717e-01,1.210391560213341100e-01,1.779268295771756214e-01,3.224643245667089264e-01,3.764829971619327309e-01,1.718984868796433751e-01,4.209810234773354864e-02,2.503368033851672836e-01,1.173657909732587074e-01,9.961752469286772049e-02,2.922829557506979592e-01,2.405551549639098341e-01,1.704921739355859667e-01,1.593042178147951182e-01,2.199051451665428036e-01,1.629282976515381010e-01,2.609432250566318112e-01,1.632390598442630403e-01,6.895201536510434104e-02,1.194747478679208386e-01,1.023243266481731889e-01,2.308128635492268654e-01,2.732991064100456224e-01,1.052419112495454612e-01,9.743618758801160518e-02,6.642049176988013004e-02,2.939551463467183767e-01,1.968917887051304660e-01,1.802280011785975244e-01,2.248395338885463557e-01,1.585433780089639533e-01,2.513850975073836924e-01,2.905230743514187752e-01,1.603201507493921263e-01,1.988364124746617445e-01,2.357713427380156435e-01,1.703553636886390721e-01,2.149011766612953789e-01,3.349942645755293880e-01,3.186598613197392238e-01,2.096108489132889052e-01,3.377825770929173688e-01,2.144943531718862817e-01,1.675696276867925383e-01,2.214893930635963848e-01,1.138094481639732314e-01,2.081548929674130188e-01
3.773737928710602652e-01,1.500000000000000000e+00,1.374261369627076748e-02,5.122075946892082898e-01,5.145059885786085196e-01,2.083432257569392543e-01,3.085133134119057985e-01,3.694391741745506330e-01,3.389371082796900359e-01,2.210257344346858721e-01,4.706641808184499620e-01,2.160732355706437291e-01,3.925294693269140156e-01,3.217554115369287149e-01,3.029354791413366721e-01,4.791262250524953026e-01,4.575249860325427131e-01,2.031046875409191488e-01,4.705929964956474532e-01,3.078748865621508957e-01,2.290334220137006938e-01,2.599203229558293415e-01,1.494096706107032879e-01,1.071007172666201129e-01,1.548669526843494959e-01,1.814535943172534693e-01,2.108051037773334691e-01,2.572184505058137116e-01,1.268988674644746795e-01,1.474891557198110825e-01,2.152173328184834866e-01,2.276756619393343894e-01,3.081160676500790396e-01,1.511654145021878726e-01,1.703426109029614333e-01,1.563130928905281103e-01,9.113184360596866818e-02,2.655283668764609195e-01,2.407948703418513747e-01,2.263094367757400582e-01,2.007029257187939800e-02,1.991476107908101145e-01,1.708276396734827174e-01,2.240552124540341472e-01,2.218452904131994474e-01,1.674604448572988291e-01,3.214100704404306841e-01,1.999322550767310414e-01,2.791014543430174188e-01,5.075831096837899598e-02,2.225671194313393886e-01,2.662795022043045190e-01,1.996102650529684164e-01,3.006869244939885943e-01,2.289752648712539973e-01,7.200636128167828276e-02,2.561897500092241153e-01,2.889406107725451811e-01,1.567594079917093430e-01,1.440121276672431394e-01,2.341784308091735545e-01,1.605343639150820234e-01,2.311815069347503970e-01,5.634408719423104894e-02,1.436136150751375906e-01,2.499612131780080682e-01,1.664301846508971505e-01,1.150048734326671040e-01
3.404755064297861900e-01,1.374261369627076748e-02,1.500000000000000000e+00,1.731716259183214424e-01,3.447326469135190141e-01,1.673610722504235704e-01,5.626896805771141458e-02,4.180169784315186376e-01,5.042955526638713826e-01,5.717886662280076138e-01,3.127763104784772041e-01,4.150562811085083958e-01,3.125891766420656470e-01,1.610490820547691160e-01,1.897738715780066532e-01,4.206808771953077231e-01,5.760815090098055091e-02,3.819601016365408164e-01,5.084122650402917998e-01,4.664630349876799920e-01,1.326422034255177462e-01,1.927033461649942103e-02,2.828730340841384416e-01,1.683146748636324963e-01,3.177608341277684545e-01,2.437950624195222571e-01,2.828018426178334765e-01,2.585078481833093522e-01,1.892456900245668705e-01,1.524446722963061496e-01,2.761211639990753808e-01,3.137127690264786550e-01,2.459809661725749497e-01,3.061661757511161541e-01,3.497765843158893301e-02,2.747997688128955840e-01,6.685919262664921647e-02,6.556700257256556363e-02,1.595398228478914493e-01,1.867302657704072721e-01,1.867840520870101273e-01,2.983319092377026416e-01,1.981610924667646378e-01,3.340453387110700612e-01,2.187461377187647771e-01,1.117717398661366712e-01,1.447302386640578753e-01,2.162879863915121992e-01,3.433978287247333450e-01,1.715898513856815299e-01,2.652926995652283848e-01,2.545444202552317181e-01,1.964124959224960165e-01,1.904015209360185312e-01,2.003442174839517309e-01,2.851499131020276412e-01,1.024490787507289641e-01,2.548642223612550550e-01,2.607240150328193895e-01,2.780854895892143075e-01,9.195543265018513157e-02,2.116159218022525546e-01,1.881681450074963735e-01,2.041082073039649503e-01,3.093991690881779943e-01,2.681662744548883870e-01,3.680237902359769775e-01,2.298400355502639159e-01
1.951750904518729790e-01,5.122075946892082898e-01,1.731716259183214424e-01,1.500000000000000000e+00,4.109359517442630061e-01,2.477876690195014997e-01,7.968317626335705284e-02,5.074318979127429019e-01,2.903556007378457204e-01,3.275602178939623355e-01,3.077198932922272645e-01,3.869077602830528484e-01,3.421230747826659035e-01,7.754653006178870156e-02,1.173879608737704583e-01,2.037068101054297087e-01,1.748567948683474316e-01,2.866204974913412196e-01,4.772382864834291971e-01,4.519840204972576658e-01,2.602943075197730050e-01,2.855807408128027136e-01,2.438711608416602450e-01,1.082669546938161004e-01,4.382160135453587457e-02,2.544806531195943911e-01,8.629658599397471708e-02,2.171738718451892147e-01,3.225887964220024440e-01,2.226761165638264928e-01,2.664501746571985574e-01,2.591061003088460102e-01,2.118037154233582409e-01,3.143542811858134334e-01,1.746757362227228660e-01,2.167928051227425434e-01,2.556738834760141077e-01,4.467691998903189354e-02,3.207712906111277462e-01,7.407294887663851135e-02,2.316952924732849362e-01,1.271317877330802870e-01,1.787112754358064770e-01,1.353526080622259598e-01,1.882942768248508647e-01,1.206875401702518502e-01,1.502749833454233575e-01,1.857637135528578676e-01,2.440866242978445566e-01,2.619639666113963150e-01,1.754721860346625251e-01,1.849814960544570730e-01,2.420862560306255018e-01,1.619990605662722238e-01,2.100905254534671251e-01,2.851707055423092219e-01,1.773253574178497716e-01,1.605150182290429606e-01,1.486689840782838279e-01,2.006529548004020724e-01,3.592497317946945212e-02,2.069050089420396699e-01,3.060337127196297580e-01,2.687290072456094969e-01,2.398286231725269280e-01,1.389325124978499360e-01,1.861315612729149138e-01,1.680764659226489655e-01
2.533011234951354496e-01,5.145059885786085196e-01,3.447326469135190141e-01,4.109359517442630061e-01,1.500000000000000000e+00,3.987257417642430801e-01,2.886752213306327253e-01,1.534546850999987666e-01,1.716929580486989404e-01,2.673580688781630466e-01,4.033181748624351526e-01,1.073162776523803735e-01,4.347327848280507778e-01,2.422069297909945074e-01,2.137163988037037443e-01,4.064052909679634062e-01,2.975164919121020546e-01,5.420775246227587107e-01,2.141999800183337355e-01,2.188383141801542031e-01,3.733598499512011948e-01,3.415633557830176636e-01,1.622121145260999042e-01,1.856185411914909600e-01,4.439174848581582677e-02,1.791709649208324262e-01,2.824893472868518773e-01,1.405727149602478132e-01,2.267895149875233107e-01,1.205773992097283059e-01,1.043454151607854374e-01,2.290936848671246695e-01,2.633048779473493584e-01,1.778138561906493498e-01,2.268712983189695720e-01,3.457190389941167119e-01,2.175838941248904243e-02,2.903495849320409938e-01,1.147498481403907561e-01,1.812747000787057194e-01,1.259516890528547262e-01,1.634964148700381870e-01,1.540413857441820800e-01,2.144846821953348970e-01,1.866396308279361649e-01,7.464261768416147191e-02,2.054743843996146846e-01,2.147389088393953649e-01,2.140478833360839328e-01,3.397769726754963360e-01,1.137408274114065365e-01,2.552579376738901562e-01,3.042527876600288894e-01,3.525010152865460933e-01,5.896216914074701304e-02,2.646507090518827043e-01,1.337357074165095860e-01,3.206813373847148818e-01,3.220045997523994785e-01,2.280537402703613006e-02,3.271249649523044201e-01,1.652526233446273141e-01,3.422105306578245854e-01,9.769275503769467295e-02,9.819090901894200751e-02,3.089688704656279317e-01,2.071329608586464643e-01,2.560406564851703815e-01
2.981496263648535927e-01,2.083432257569392543e-01,1.673610722504235704e-01,2.477876690195014997e-01,3.987257417642430801e-01,1.500000000000000000e+00,3.090396223590614611e-01,2.965493861464570946e-01,4.485647290140588050e-01,2.161857554115469426e-01,4.510767266095439543e-01,1.553798029884659870e-01,4.937687432430113987e-01,3.038533225933827131e-01,2.949013437706354823e-01,3.470135488734324980e-01,2.207276524904993320e-01,4.240271311289888767e-01,5.190977230774500573e-01,2.180663897933304285e-01,3.260795013970446687e-01,3.026071956064245727e-01,1.473989094410205203e-01,3.460595353384270378e-01,1.745733307512751242e-01,3.595652451631144442e-01,1.679018758330126301e-02,1.259593447177650427e-01,1.854469902535209602e-01,1.685780741365781321e-01,3.381114196646877179e-01,2.388059513308960213e-01,2.751665049580296341e-01,2.899255227124434287e-01,1.539070839527812429e-01,2.656159967064236627e-01,3.288401952160045494e-01,3.043061264361852647e-01,3.572001555065013045e-01,3.120606029741614940e-01,2.460423124880591339e-01,2.085799851224964807e-01,2.895815118219251527e-01,3.276180460551255669e-01,2.041111876672393188e-01,3.435831823521474648e-01,1.162785711485991025e-01,2.183111331228081153e-01,2.290161932138120027e-01,1.342767096167778174e-01,2.126906210696570265e-01,1.888197573986236943e-01,1.369674820206345789e-01,2.474190034971904817e-01,2.969744141929075987e-01,2.473124074914322956e-01,2.621317857353272496e-01,3.019913911599548806e-01,2.081822556624485232e-01,2.726555708283622814e-01,2.446441223380371177e-01,1.027031768916669557e-01,1.667769691667651266e-01,1.819382833378976883e-01,1.898696026627380018e-01,2.463680576308237558e-01,2.864047933183699324e-01,5.843625570977129674e-02
2.998083770555336480e-01,3.085133134119057985e-01,5.626896805771141458e-02,7.968317626335705284e-02,2.886752213306327253e-01,3.090396223590614611e-01,1.500000000000000000e+00,3.831076325760479628e-01,3.338256966793919367e-01,2.064000098239016090e-01,3.832212248946677557e-01,2.363109348132990395e-01,3.713535671668149463e-01,1.320758053581605196e-01,4.778531963376177472e-01,1.397266277565911707e-01,1.484955484060079822e-01,2.971097167560911578e-01,4.269946997901950536e-01,4.122753350579596021e-01,3.664674788164946628e-01,2.491958479177849017e-01,2.792446162332004045e-01,2.147360453396031654e-01,1.961030694525398022e-01,1.928347417973056699e-01,8.798998954685413598e-02,2.436326876259482521e-01,2.585204567502558115e-01,3.176557687911265582e-01,3.589830442322159421e-01,2.989620359961546181e-01,1.190129461522436150e-01,1.295667395058535676e-01,1.982338231667387929e-01,2.304849676932879121e-01,2.787037409732482374e-01,1.743918152185695014e-01,3.132807699446722993e-01,1.643227193165472944e-01,1.995619625044922907e-01,2.513907090551981693e-01,3.076254633708179198e-01,2.686079031940234452e-01,2.506718589219047999e-01,2.537013366110142942e-01,1.420084279825411522e-01,2.905515319870995428e-01,3.116475602896141561e-01,2.975514328845372813e-01,3.406323386617855498e-01,1.097803859359919032e-01,2.175952088156422881e-01,3.624065084634142675e-02,2.060691382969013496e-01,1.215493981220223535e-01,3.873696413720684184e-02,2.443705124471595158e-01,3.485928413461883979e-01,1.580183666042384305e-01,2.130515216070834883e-01,1.979901144469342344e-01,3.401674665554318411e-01,7.778469016401817759e-02,1.185928103573284931e-01,1.615694249313422148e-01,1.978802528231702329e-01,1.333019628532561285e-01
3.688834687348665486e-01,3.694391741745506330e-01,4.180169784315186376e-01,5.074318979127429019e-01,1.534546850999987666e-01,2.965493861464570946e-01,3.831076325760479628e-01,1.500000000000000000e+00,3.777329644314002532e-01,3.481140601228597253e-01,2.308317649958503970e-01,5.062794774765777550e-01,3.574191419872959075e-01,4.053221905126617175e-01,2.229912128982705632e-01,4.442573370735743987e-01,4.283526909841419705e-01,4.850053385125718819e-01,3.536188277736943553e-01,3.009914377785616879e-01,2.477636409265742412e-01,2.831019075847199806e-01,1.041740399633813569e-01,2.447783101013200069e-01,4.262091573997753291e-02,4.659260012861914796e-02,1.540885200699819435e-01,1.720679678770651311e-01,9.804567539575836932e-02,1.119328597027347133e-01,6.668189618701228505e-02,2.508017596732185495e-01,2.711296080677422782e-01,1.894676980037919012e-01,3.348073996621370174e-01,2.400074527654310064e-01,2.762357979759401116e-01,1.941202983798439308e-01,2.385736608139643056e-01,2.949532647734490198e-01,2.067107843750615737e-01,2.688579241920573404e-01,1.436302445653108439e-01,1.374209485388785679e-01,4.173032812875569764e-02,1.640235591246373414e-01,6.185338321179083276e-02,1.470525042623055390e-01,2.696448862017867265e-01,3.509800258456566291e-01,1.383132063901638120e-01,2.074014041366059602e-01,1.588804333992242801e-01,1.569056960869660566e-01,1.602006608469557780e-01,2.406521201612458194e-01,8.889661809016455307e-02,1.547616897483036214e-01,4.079874263644533983e-02,1.142055699689801529e-01,2.370761263908491290e-01,6.981456612465526679e-02,5.656503753310693910e-02,1.350454508266031861e-01,1.249982146735439392e-01,2.674534210551759994e-01,2.328099685077774372e-01,1.853013706182498332e-01
3.991486034214316581e-01,3.389371082796900359e-01,5.042955526638713826e-01,2.903556007378457204e-01,1.716929580486989404e-01,4.485647290140588050e-01,3.338256966793919367e-01,3.777329644314002532e-01,1.500000000000000000e+00,2.814727534715408819e-01,2.771981002850106846e-01,2.954013724941874086e-01,3.115060335883426124e-01,3.090347384198700587e-01,2.441240004528231478e-01,3.976770327918163761e-01,3.196403375577711037e-01,1.524227542049143291e-01,2.431491246033427589e-01,1.704290521590286211e-01,1.631333576126723917e-01,3.616047261064621599e-01,2.376459767546614532e-01,1.516000372224205750e-01,1.653816081492562873e-01,1.756395527561421810e-01,1.113514628313147653e-01,1.119236218066019667e-01,2.644080773153274500e-01,3.053312035626842835e-01,2.555244542543280706e-01,2.309845550526958835e-01,1.671880938336184064e-01,2.565458755399721014e-01,1.010725746333935027e-01,2.845383206150896571e-01,2.935184665089384248e-01,2.337120565081641232e-01,2.466520564774724589e-01,1.445773582320778461e-01,2.211416638383493227e-01,2.104298911704601260e-01,2.032252720784526456e-01,2.610672959497987167e-01,1.239832946326482332e-01,2.083484668474420709e-01,2.091460476722655781e-01,2.758242783127138886e-01,2.587052473337628777e-01,1.470425270823970121e-01,1.875623513267634379e-01,1.686776137006408272e-01,2.908748281985463757e-01,2.248113737077614971e-01,2.337945705449042955e-01,3.295987082427977444e-01,1.638544379909135928e-01,1.388647110804096529e-01,8.070671874881908681e-02,9.949567178809440304e-02,2.361336731683808532e-01,2.759313420956153173e-01,2.197982417309254921e-01,5.944873804653425658e-02,1.135761807322926142e-01,1.161027172928386364e-01,3.159866485814273318e-01,1.053661470178384463e-01
5.741110620410248000e-01,2.210257344346858721e-01,5.717886662280076138e-01,3.275602178939623355e-01,2.673580688781630466e-01,2.161857554115469426e-01,2.064000098239016090e-01,3.481140601228597253e-01,2.814727534715408819e-01,1.500000000000000000e+00,2.722073868735502278e-01,3.180616416913057964e-01,2.868544194136016245e-01,2.345221384373434026e-01,2.065098816743237142e-01,8.954034820072778733e-02,2.429844517308454577e-01,1.705032795514626609e-01,4.609046105643148650e-01,3.225625269768411796e-01,3.271187442614187368e-01,2.859696472216102792e-01,3.209853965772100359e-01,8.029816253238583612e-02,1.978946474411243384e-01,2.924363572230892494e-01,1.808393493871845448e-01,2.567251965132688607e-01,2.451913044104611361e-01,1.524262873181943534e-01,2.328529905238609782e-02,2.652250550838298748e-01,1.479375797124103942e-01,1.159198125490722431e-01,1.918178330646414798e-01,2.784648894163191946e-01,9.555008462675940173e-02,1.629358353406045734e-01,2.107383957026533750e-01,1.660692151020715102e-01,6.263889325188456980e-02,2.879560852669429405e-01,2.016268489345848514e-01,1.128274125851976700e-01,1.287712112759206995e-01,1.343396573153508855e-01,2.085969710612854966e-01,3.258244492333989273e-01,2.403509205398716708e-01,2.275281205019995256e-01,1.329276809317594676e-01,1.413066201042235126e-01,2.615195185014674850e-01,3.014624903628189689e-01,2.861157320025691231e-01,3.173810589613660360e-01,1.408112438020470703e-01,2.639785118007502707e-01,2.062578066574446423e-01,2.167746007535788499e-01,1.933315585719910801e-01,1.646747347357440383e-01,2.143408183117718191e-01,2.101395490915538844e-01,2.919911491107956003e-01,1.886415536188692788e-01,3.139873317318438439e-01,2.395626596055025204e-01
2.629039660037445492e-01,4.706641808184499620e-01,3.127763104784772041e-01,3.077198932922272645e-01,4.033181748624351526e-01,4.510767266095439543e-01,3.832212248946677557e-01,2.308317649958503970e-01,2.771981002850106846e-01,2.722073868735502278e-01,1.500000000000000000e+00,3.707378502701704215e-01,2.513168173041372966e-01,3.308971022057656253e-01,1.521355581254243416e-01,7.278947737214795655e-02,2.568946479256555837e-01,2.962107503493577876e-01,4.297170942946633154e-01,3.767146707367400871e-01,3.601727893775515943e-01,2.181034893775882499e-01,1.951248289238529388e-01,1.357017737069706187e-01,2.022519210126682565e-01,3.274917668284086369e-01,9.339755014539644074e-02,2.385276201024190135e-01,2.089663515519755987e-01,1.243517658123134972e-01,3.074395210078012530e-01,1.960385327395993971e-01,2.952066763385073900e-01,1.308348114960859454e-01,1.181688507294714613e-01,2.067097946940420206e-01,1.226170852551634605e-01,3.265499431791498708e-01,2.526322272437203087e-01,1.091344289158626413e-01,1.755322760477933675e-01,2.552124594607574348e-01,2.316964427368702339e-01,1.741895900849564915e-01,2.915374857874505343e-01,2.220425952543060022e-01,3.570813389536933724e-01,6.177257266963978588e-02,1.654610113442156749e-01,4.588604665176042319e-02,2.221017894099168166e-01,1.896038322696672052e-01,9.519358204669613188e-02,1.235183784549154784e-01,9.007259029333120059e-02,1.579594528656789176e-01,3.122844120439141058e-01,5.420213191051340140e-02,2.958811195171114072e-02,2.292118404510229412e-01,1.918151595931238962e-01,1.345836528747319794e-01,1.377844721237144188e-01,1.801913345792195698e-01,3.764202708657313906e-02,2.978258117618579615e-01,1.084351881356830777e-01,4.566586279700218104e-02
4.296661863673486570e-01,2.160732355706437291e-01,4.150562811085083958e-01,3.869077602830528484e-01,1.073162776523803735e-01,1.553798029884659870e-01,2.363109348132990395e-01,5.062794774765777550e-01,2.954013724941874086e-01,3.180616416913057964e-01,3.707378502701704215e-01,1.500000000000000000e+00,5.142176246515479665e-01,3.972197765729126862e-01,3.544680108024791387e-01,5.764520995913858803e-01,1.512423551930536514e-01,4.303496730166656570e-01,4.703984114745263234e-01,4.363668251068571480e-01,3.985196243944277295e-01,3.292530795904286545e-01,1.919846955068766903e-01,3.179223248739743157e-01,1.738720664058391319e-01,1.837705396595499530e-01,2.750383927069077750e-01,1.849793445540431069e-01,1.318538080705263793e-01,1.789217071322585229e-01,9.836099231253166153e-02,1.304498002632566156e-01,1.533287765145179560e-01,1.587795818583727092e-01,2.992656166077178881e-01,5.649855859326980562e-02,2.588131634445506868e-01,1.728243177503784866e-01,1.811728944312067102e-01,1.113183430124338735e-01,2.462029466508438014e-01,1.160404100411154549e-01,2.218127628274898233e-01,2.796526678847534031e-01,5.972321709076500867e-02,2.434695865376294011e-01,2.919213466065367912e-01,3.031850882499539379e-01,1.750167556296195956e-02,2.142936557539859288e-01,2.373422360876001058e-01,1.558544397415734528e-01,2.405409391599545033e-01,3.790345380093189664e-01,1.530561226184216916e-01,3.235569905642275979e-01,2.996180684266478433e-01,1.422536082110936739e-01,1.917969691502945939e-01,2.510201067051941459e-01,3.757872383453517706e-01,1.640947381750974543e-01,2.415571805988692422e-01,1.181999243649620585e-01,2.010618028453790007e-01,1.452508444936503051e-01,1.991036121675555381e-01,1.831159687073714570e-01
3.218024859772047330e-01,3.925294693269140156e-01,3.125891766420656470e-01,3.421230747826659035e-01,4.347327848280507778e-01,4.937687432430113987e-01,3.713535671668149463e-01,3.574191419872959075e-01,3.115060335883426124e-01,2.868544194136016245e-01,2.513168173041372966e-01,5.142176246515479665e-01,1.500000000000000000e+00,2.937586758582994007e-01,1.548634162269571513e-01,2.208722421623270371e-01,3.027871360065759188e-01,2.685193536396757730e-01,7.561215438352184015e-02,3.233747963843520146e-01,4.260039048414419049e-01,4.504814255101364795e-01,6.947446640128251971e-02,1.825852671778087702e-02,2.488655628077734161e-01,2.296490459314304566e-01,3.294194970706583458e-02,1.984582180415406238e-01,1.340382980180662154e-01,1.957894839514379703e-01,2.093720964338708912e-01,3.244472266756764228e-02,1.249302975315636638e-01,1.429874233018493535e-01,2.568172737096126035e-01,2.227112227231100305e-01,2.068132061563616730e-01,3.279626647391433725e-01,2.099034062473200679e-01,2.338833153874693704e-01,1.090870104990578071e-01,2.804333854747843580e-01,2.931269591593396173e-01,6.017917373812645132e-02,2.338939136124131291e-01,1.573356525031489594e-01,1.107667108595661865e-01,2.084691728789615228e-01,1.787783601418901913e-01,3.006043095428626577e-01,8.471800630817129252e-02,2.179083792445726253e-01,1.942981528560011328e-01,1.653331687144405926e-01,1.852515403949162864e-01,2.139453420753270052e-01,3.310414953963262963e-02,2.621184522630131686e-01,1.298804973282083053e-01,6.924594804611612642e-02,3.566781272396499919e-02,1.013227931898628142e-01,3.379039560337795400e-01,1.695164400555487505e-01,2.627984252725580339e-01,1.863331462453343412e-01,3.378965111080990957e-01,1.753892055762052982e-01
2.579462052323239218e-01,3.217554115369287149e-01,1.610490820547691160e-01,7.754653006178870156e-02,2.422069297909945074e-01,3.038533225933827131e-01,1.320758053581605196e-01,4.053221905126617175e-01,3.090347384198700587e-01,2.345221384373434026e-01,3.308971022057656253e-01,3.972197765729126862e-01,2.937586758582994007e-01,1.500000000000000000e+00,2.518608516853330648e-01,2.678856033327201569e-01,3.066191318958858547e-01,1.108555327561359938e-01,4.699557452726459972e-01,3.088874401606160336e-01,2.016461297144381548e-01,3.716753159394546868e-01,3.543241817016766770e-01,2.322834270029353332e-01,3.019828034806308348e-01,2.335828290087166859e-01,2.795550477432422465e-01,1.631350619817772407e-01,1.665879586757146591e-01,1.772360385292289231e-01,1.501424809049658748e-01,2.636848477977227212e-01,2.602173522843289621e-01,7.733769463224847429e-02,2.999020524145974420e-01,9.608288714999960178e-02,2.988735056968554460e-01,1.289002630400077343e-01,1.129731356283898147e-01,1.516860292869637306e-01,2.336713905582657458e-01,1.602774269116751804e-01,3.175051897811270729e-01,1.435997144353698407e-01,2.711257602643781239e-01,1.917583360230543654e-01,8.837345938633758835e-02,1.972354451690610522e-01,1.422104949468249169e-01,1.361852760707329135e-01,1.667673472345903019e-01,3.233125646999034375e-01,1.434035238192604700e-01,2.946515332290775557e-01,1.940476810087017889e-01,2.421943411491299658e-01,2.560114040495354848e-01,2.415075361272421284e-01,3.823890743346516907e-02,1.567483653333019422e-01,1.562244859765344052e-01,2.025591969286998917e-01,2.918209213137953340e-01,2.029074399198124712e-01,7.495124783407695890e-02,1.934507113953787827e-01,1.848267976425049808e-01,2.225786594858496226e-01
2.393283983101715529e-01,3.029354791413366721e-01,1.897738715780066532e-01,1.173879608737704583e-01,2.137163988037037443e-01,2.949013437706354823e-01,4.778531963376177472e-01,2.229912128982705632e-01,2.441240004528231478e-01,2.065098816743237142e-01,1.521355581254243416e-01,3.544680108024791387e-01,1.548634162269571513e-01,2.518608516853330648e-01,1.500000000000000000e+00,3.566840847508754297e-01,4.487165501973119919e-01,3.555796400344490849e-01,1.807489716546019642e-01,3.620251060667818988e-01,5.706037973752886572e-02,2.598053742898503438e-01,2.773970978730216919e-01,1.049068082779854721e-01,1.683746521285355013e-01,1.026459700100154082e-01,1.813843737525007715e-01,2.222035644115078479e-01,7.433707668495298515e-02,1.759669149443325864e-01,3.578271338195795348e-01,1.797875402233880537e-01,2.858715133079174908e-01,1.755632274582633878e-01,9.509315236058493714e-02,1.943780202522970568e-01,2.480415652958071204e-01,2.384267046856993200e-01,1.147131117006878476e-01,1.214137889600947207e-01,2.792677218070317435e-01,2.511077178590839787e-01,2.584924287914797114e-01,1.951615301837554273e-01,9.810503776334666970e-02,2.815035257837924521e-01,1.888278771795220690e-01,1.225246794274289786e-01,1.071162265893241955e-01,1.360914192800969091e-01,1.714675593395380004e-01,3.190754827822037676e-01,2.302832955512262858e-01,1.827727546048274199e-01,8.811647893839336110e-02,1.486769641446707424e-01,1.446737630301634381e-01,2.587553069160194452e-01,1.471762688423913779e-01,3.119263490610628686e-01,2.442447644016369768e-01,1.492907493445543854e-01,1.130779841856957152e-01,2.550039041447254018e-01,1.861206738452007570e-01,2.309403847790107156e-01,2.332946686878737685e-01,1.730541028321675445e-01
2.803131245247271197e-01,4.791262250524953026e-01,4.206808771953077231e-01,2.037068101054297087e-01,4.064052909679634062e-01,3.470135488734324980e-01,1.397266277565911707e-01,4.442573370735743987e-01,3.976770327918163761e-01,8.954034820072778733e-02,7.278947737214795655e-02,5.764520995913858803e-01,2.208722421623270371e-01,2.678856033327201569e-01,3.566840847508754297e-01,1.500000000000000000e+00,3.759320382793701620e-01,1.220632542609836751e-01,3.129523909326124009e-01,8.329397568300039856e-02,3.397423859824411085e-01,3.580335837575886471e-01,9.542013941123129311e-03,2.034110283800445451e-01,1.753892319385696730e-01,1.589420592181655101e-01,2.028007763534213637e-01,2.088755217833604405e-01,3.203204079381335445e-01,2.119637108679687520e-01,3.366628094255464942e-01,2.358687326947662699e-01,1.625835325581366231e-01,2.593978890139879701e-01,2.458376686969651892e-01,2.022052509951426380e-01,3.180052921330619453e-01,1.449169778774745954e-01,1.859713993267711196e-01,2.663122452878525781e-01,2.699628935708062172e-01,1.544742957565073960e-01,1.408054275733119365e-01,9.173767681074421199e-02,1.079582656657259998e-01,2.022823231086023354e-01,2.881752676034206040e-01,9.844493325373063208e-02,8.809761311109741422e-02,7.030073431099052861e-02,2.429822588239805570e-01,1.576290372042199461e-01,2.324222421391385074e-01,1.926132647927552566e-01,1.352480235264729436e-01,2.592082344044018827e-01,2.484448753668959120e-01,2.237512640120707386e-01,2.290911106370121519e-01,1.746747552514346102e-01,1.687858687802506752e-01,1.042135448950837207e-01,2.002396913041930293e-01,1.326504320178556184e-01,9.385608446692256246e-02,1.014771518054077837e-01,2.066568256855677299e-01,2.378061247132667311e-01
2.612754154420550146e-01,4.575249860325427131e-01,5.760815090098055091e-02,1.748567948683474316e-01,2.975164919121020546e-01,2.207276524904993320e-01,1.484955484060079822e-01,4.283526909841419705e-01,3.196403375577711037e-01,2.429844517308454577e-01,2.568946479256555837e-01,1.512423551930536514e-01,3.027871360065759188e-01,3.066191318958858547e-01,4.487165501973119919e-01,3.759320382793701620e-01,1.500000000000000000e+00,1.733016658253399567e-01,5.168888983582599073e-01,2.409808521467430298e-01,1.843099793613367232e-01,1.026206760760632331e-01,2.962974439512350289e-01,1.658065853263517297e-01,1.629025425665724947e-01,2.200735719920844657e-01,1.947246001923322867e-01,1.914530115597860016e-01,2.323842605135701678e-01,1.404153831968258936e-01,8.134637746524910062e-02,3.745991916346987916e-01,3.738098538738544585e-01,2.617394639552109714e-01,3.051459645811944732e-01,2.193929438566770695e-01,3.344274724763121043e-01,4.089817045512855742e-02,3.940667597241116760e-02,3.354222980517736485e-01,1.151594502201727377e-01,3.718748558328262011e-01,9.187701881151909278e-02,1.935767617976378308e-01,1.728192845381881781e-01,2.007711898822523433e-01,2.126745830183575658e-01,2.672553161976075620e-01,2.484320176587512252e-01,2.226678963548941459e-01,3.570296122320994470e-01,1.552501078604691664e-01,2.172642624780909970e-01,2.758703932704707484e-01,1.387020701776574272e-01,2.902708827435434014e-01,8.966641223047566722e-02,1.556957233778713534e-01,2.807337357024694002e-01,2.656412360043900467e-01,1.705181959947886794e-01,8.459280202331075083e-02,2.993331690082256524e-01,1.960194806116088706e-01,8.267572681165147319e-02,3.114246312924091598e-01,2.725201034615277740e-01,2.580131123665204695e-01
4.685326365500663282e-01,2.031046875409191488e-01,3.819601016365408164e-01,2.866204974913412196e-01,5.420775246227587107e-01,4.240271311289888767e-01,2.971097167560911578e-01,4.850053385125718819e-01,1.524227542049143291e-01,1.705032795514626609e-01,2.962107503493577876e-01,4.303496730166656570e-01,2.685193536396757730e-01,1.108555327561359938e-01,3.555796400344490849e-01,1.220632542609836751e-01,1.733016658253399567e-01,1.500000000000000000e+00,1.568830323225831047e-01,8.582800388185890528e-02,1.707854346995774653e-01,3.165363424754573662e-01,1.185361500701525572e-01,3.323088607805038119e-01,2.749093949726632014e-01,1.459347377480845476e-01,2.000562957068780234e-01,1.122549938227716815e-01,1.325160294227082092e-01,1.782262063420589349e-01,3.134800015399240580e-01,3.608228848816115164e-01,2.587990828307876190e-01,2.297149752318468074e-01,1.340400686312175349e-01,1.350845634183982236e-01,1.613098879037901945e-01,1.441964203560435476e-01,2.608079798081696654e-01,6.463169368933238679e-02,1.497393186772895679e-01,1.219066289029191869e-01,2.318746095590609457e-01,1.109556198634014945e-01,1.968575190648826079e-01,3.048850759559945112e-01,1.055879326648698491e-01,1.365519486225969248e-01,2.721779511233199389e-01,2.124596295395924372e-01,1.567116939157625621e-01,2.036552130202398114e-01,1.186188555344054596e-01,3.929840765987529516e-01,2.033534801094777911e-01,1.940704858885529127e-01,1.874614813777956135e-01,5.262667649988966162e-02,4.267905900898927296e-02,2.247640175230628534e-01,2.165099309357196855e-01,1.537450042672007799e-01,2.085380100605553066e-01,2.563749955567277139e-01,2.789828598598472764e-01,2.447590116532143978e-01,3.703964807037189999e-01,2.660063012389027315e-01
3.276127470595402991e-01,4.705929964956474532e-01,5.084122650402917998e-01,4.772382864834291971e-01,2.141999800183337355e-01,5.190977230774500573e-01,4.269946997901950536e-01,3.536188277736943553e-01,2.431491246033427589e-01,4.609046105643148650e-01,4.297170942946633154e-01,4.703984114745263234e-01,7.561215438352184015e-02,4.699557452726459972e-01,1.807489716546019642e-01,3.129523909326124009e-01,5.168888983582599073e-01,1.568830323225831047e-01,1.500000000000000000e+00,2.372727348425636706e-01,1.940460114569522720e-01,4.382454055993940667e-01,1.292748980746783460e-01,2.271627788680981586e-01,2.006834522549397759e-01,8.554305149763952176e-02,1.771865771859268135e-01,2.834879170002566062e-01,1.698148789069146014e-01,1.110572091608764689e-01,4.339554405929291203e-02,2.080439084159388385e-01,2.938753418805098994e-01,1.996902316250797893e-01,2.091868150130145598e-01,2.631989617280181548e-01,2.245602679447982197e-01,2.349137059285040241e-01,3.247942736898802307e-01,2.351893116429321640e-01,1.017255834604651743e-01,6.824708407647576969e-02,1.984078050620892153e-01,3.412445376589509638e-01,1.694652932844284143e-01,1.314058430493123264e-01,1.083723130191530104e-01,2.295109415900110916e-01,1.660220350207209927e-01,3.055442918714567635e-01,1.180113697444326593e-01,1.803045401857126251e-01,1.473190166756306319e-01,2.801389430473679165e-01,2.690860097308809262e-01,2.355360907635793699e-01,1.812667214292318363e-01,1.948794922348503489e-01,3.747899635100810367e-01,2.177906889525813849e-01,3.458955521673091615e-01,1.159620552144220301e-01,1.453553511019310962e-01,3.703665586835679924e-01,1.188602157664370162e-01,1.801028123768008415e-01,2.504330919303627834e-01,2.221526484349642394e-01
5.002227696764134368e-01,3.078748865621508957e-01,4.664630349876799920e-01,4.519840204972576658e-01,2.188383141801542031e-01,2.180663897933304285e-01,4.122753350579596021e-01,3.009914377785616879e-01,1.704290521590286211e-01,3.225625269768411796e-01,3.767146707367400871e-01,4.363668251068571480e-01,3.233747963843520146e-01,3.088874401606160336e-01,3.620251060667818988e-01,8.329397568300039856e-02,2.409808521467430298e-01,8.582800388185890528e-02,2.372727348425636706e-01,1.500000000000000000e+00,1.080016941277306686e-01,4.063328814162923130e-01,3.278912215624252835e-01,2.718720696098410605e-01,2.656780372919743671e-01,1.490518634986775504e-01,1.482426938569222918e-01,1.351404356956185659e-01,1.476658838483609626e-01,2.152578401844766343e-01,2.338426639670371787e-01,1.293764382019533254e-01,2.390209816717003832e-01,2.621632962895950603e-01,3.663230422508999551e-01,3.663454487464660181e-01,1.853814666090697338e-01,1.335393536369054446e-01,3.083250816566559527e-01,2.116014141619358413e-01,2.827232004350817562e-01,1.277825105038201126e-01,1.423474703068633440e-01,4.832294273742061830e-02,3.015325051566461467e-01,1.753524096905534901e-01,2.802716646755357699e-01,2.682372145606811698e-01,3.484129836149915116e-01,2.781897324312589959e-01,2.748676161216243030e-01,1.082884221694185717e-01,2.873625914674494686e-01,9.840903673857835654e-02,1.808428238757366358e-01,1.822865152485407259e-01,4.831405609782724042e-02,2.200437192515981577e-01,2.953232080322620856e-01,7.829210569658057173e-02,3.145842957005097196e-01,1.475767348377188259e-02,1.179865399118187053e-01,3.439887572570331509e-01,2.342673841532909029e-01,1.939013063682164528e-01,2.528833261637594698e-01,2.139023058625492135e-01
4.382164699598638524e-01,2.290334220137006938e-01,1.326422034255177462e-01,2.602943075197730050e-01,3.733598499512011948e-01,3.260795013970446687e-01,3.664674788164946628e-01,2.477636409265742412e-01,1.631333576126723917e-01,3.271187442614187368e-01,3.601727893775515943e-01,3.985196243944277295e-01,4.260039048414419049e-01,2.016461297144381548e-01,5.706037973752886572e-02,3.397423859824411085e-01,1.843099793613367232e-01,1.707854346995774653e-01,1.940460114569522720e-01,1.080016941277306686e-01,1.500000000000000000e+00,3.636490575224620714e-01,2.404264796784661984e-01,1.881505232578063735e-01,1.310475811291397508e-01,1.024935108844845788e-01,1.802267444751018965e-01,1.232112942264578237e-01,3.394546488855985089e-01,2.276685899464295504e-01,1.299899342556460613e-01,2.043433341463550823e-01,1.620280614333933777e-01,1.767233788555880869e-01,1.128964055894244312e-01,9.583638247939574306e-02,1.654765641495600792e-01,8.062132870784644023e-02,2.166818082937876921e-01,1.580133018501914122e-01,7.312034979807929824e-02,2.681717828699833328e-01,1.689365843987041260e-01,2.398089254140127191e-01,3.766130412003267786e-02,2.108429960120534186e-01,3.059408714072417435e-01,1.184349190255531564e-01,2.111072281261862083e-01,1.510929012605854993e-01,2.762173033043445747e-01,8.725865730762541461e-02,1.794912971435789206e-01,2.252203583288669153e-01,1.474372564321650980e-01,3.683128230282232685e-01,1.562432622752812084e-01,1.409815691829531814e-01,4.733677535838932277e-02,2.050423538871764817e-01,8.313281556403515071e-02,2.243159150418891079e-01,2.179987014352612884e-01,2.397957306200869665e-01,2.349597021362754834e-01,2.489820164699011462e-01,2.723632789970133472e-01,2.012500603767671536e-01
3.068940333998260717e-01,2.599203229558293415e-01,1.927033461649942103e-02,2.855807408128027136e-01,3.415633557830176636e-01,3.026071956064245727e-01,2.491958479177849017e-01,2.831019075847199806e-01,3.616047261064621599e-01,2.859696472216102792e-01,2.181034893775882499e-01,3.292530795904286545e-01,4.504814255101364795e-01,3.716753159394546868e-01,2.598053742898503438e-01,3.580335837575886471e-01,1.026206760760632331e-01,3.165363424754573662e-01,4.382454055993940667e-01,4.063328814162923130e-01,3.636490575224620714e-01,1.500000000000000000e+00,2.332676568925849681e-01,1.584197641884805829e-01,2.346740088544984615e-01,3.108986413628919143e-01,8.723243371868644180e-02,2.711728376215187808e-01,1.835213820281865471e-01,2.948470534205067106e-01,2.208992555656274781e-01,1.783004296436691838e-01,3.503731211398245504e-01,3.338589794292870505e-01,1.816942432751190439e-01,2.712856591996190003e-01,2.602369828056375067e-01,5.965786199213860691e-02,1.433768012960007221e-01,1.899598741555707793e-01,1.592464607907504992e-01,1.901612903316704517e-01,7.544804573213773069e-02,2.833719850851593169e-01,9.963372479473076027e-02,1.137886219544180649e-01,1.161729114150768238e-01,1.465132652849264194e-01,2.671182578218603831e-01,1.374084633766594621e-01,5.427349197199182740e-02,2.378697000724681321e-01,1.879926680044294307e-01,1.401544076804840944e-01,1.790728123034081853e-01,3.237754254983551405e-01,2.736409179349106324e-01,3.878484887634847111e-01,2.691482082373521934e-01,1.951952308954471027e-01,1.837132012549810289e-01,1.923172972189712282e-01,5.704928055766633754e-02,1.784620586462272729e-01,1.148149427991690397e-01,3.298591425752896988e-01,2.655380036197311777e-01,2.613194049948226461e-01
1.210391560213341100e-01,1.494096706107032879e-01,2.828730340841384416e-01,2.438711608416602450e-01,1.622121145260999042e-01,1.473989094410205203e-01,2.792446162332004045e-01,1.041740399633813569e-01,2.376459767546614532e-01,3.209853965772100359e-01,1.951248289238529388e-01,1.919846955068766903e-01,6.947446640128251971e-02,3.543241817016766770e-01,2.773970978730216919e-01,9.542013941123129311e-03,2.962974439512350289e-01,1.185361500701525572e-01,1.292748980746783460e-01,3.278912215624252835e-01,2.404264796784661984e-01,2.332676568925849681e-01,1.000000000000000000e+00,1.881890694641603912e-02,2.933936516426797203e-01,1.505796239991389895e-01,2.523803057548105189e-01,9.144521391712250036e-02,2.045102567806275085e-01,4.305251405947863041e-02,1.898807460319094642e-01,1.301168632789217183e-01,1.754798662945298293e-01,2.293888431194527899e-01,2.980332581495465649e-01,1.900485530978242299e-01,1.217890642394376111e-01,2.553642748762535164e-01,2.041723558322879051e-01,1.376396288396681267e-01,3.448163274861246186e-01,2.022112224558671734e-01,2.353620167508645999e-01,3.526033179069301138e-01,2.423287779680591003e-01,1.555181924948512706e-01,9.828499729465674239e-02,1.869306951006426964e-01,2.289144606976358243e-01,5.236033273706711122e-02,1.102638955576040886e-01,1.814951834134685416e-01,2.235477008515751041e-01,1.342694160454971364e-01,2.482049943284866944e-01,2.512411914798547974e-01,2.023212028458747369e-01,1.131367698069773442e-01,2.540230713057410328e-01,2.116450974805071106e-01,2.690378694546602389e-01,4.787260161081829946e-02,1.581240119717840786e-01,2.402971368873783597e-01,2.452401778888429473e-01,1.291679363834800642e-01,1.185424681066414021e-01,3.543128495719971571e-01
