8.000000000000000444e-01,2.444928252191042317e-01,2.303797500862659331e-01,1.289141869637052962e-01,8.457717135826667287e-02,1.527681923904870565e-01,2.007379323052835285e-01,1.815819345949757635e-01,2.523598780919980022e-01,4.406489226090721245e-01,8.212953695290919898e-02,3.753350950650751194e-01,2.097124610227993347e-01,1.340216485909430377e-01,1.225571178482205842e-01,1.850896928662925378e-01,2.085555011480056953e-01,3.891042431346273256e-01,2.495634032612429887e-01,3.663044965039857770e-01,3.783505916270458735e-01,1.956728867850410503e-01,3.872583662723957931e-02,-2.333136451932152355e-02,9.867264084202442831e-02,2.566147518215011747e-01,-4.609446727453569981e-02,-1.431234746541419356e-01,5.457693449722056389e-02,-2.982969658488533737e-02,-3.396680291746767555e-02,1.516423307600399117e-01,1.112737368963663542e-01,8.913419785320164657e-02,3.584018665498213407e-02,9.173950073128808724e-02,3.678961278992115558e-02,1.678742367182062267e-01,4.487657587608273602e-03,5.914776269835043954e-02,4.626035224147410918e-02,-1.334181578601220108e-01,-2.384735257629305716e-02,1.134938918376554029e-01,-6.881104162119500156e-02,-1.545030018116939075e-01,1.882461557339985131e-02,1.334497452369265424e-02,4.468322376022820785e-02,3.430849356926055083e-02,6.080953000355240889e-02,-1.255615212818427251e-01,9.048132537525488406e-02,6.878476166497823896e-02,-5.276252739213513343e-02,5.783418028741080241e-02,7.411568989192265922e-02,4.730396740184959758e-02,-2.624085982014412455e-03,1.955845626723033970e-01,1.603000831592688580e-01,1.240998029147292042e-01,1.313884221108988504e-01,5.349484244047000847e-02,-1.754821085938301772e-02,1.079574983471767169e-01,-2.889453708699155077e-02,1.341065438939087195e-01
2.444928252191042317e-01,8.000000000000000444e-01,-3.743503421394289710e-02,3.711730289892303802e-01,4.313889999907815076e-01,1.699942904648544251e-01,1.841993308633608217e-01,1.965022902372462188e-01,1.447130746770947940e-01,1.815371417600600279e-02,4.224716885965855706e-01,6.685582163459902194e-02,2.877450884488646499e-01,2.290087737991940986e-01,1.915688189181939394e-01,3.277006006731064680e-01,3.248596637502218498e-01,1.155960340038864331e-01,4.223969164679894917e-01,2.463231861722107729e-01,1.616822778304801145e-01,1.672045682612646189e-01,-3.290199654143163843e-02,-6.148020925294671313e-02,-5.237241296346631381e-02,-3.605029676477988776e-02,-5.568303807876417988e-02,4.367937626916440497e-02,-6.705486299335103317e-02,-1.479080298355639478e-02,3.841684544274936997e-02,1.291122320166657178e-02,8.459719151430988848e-02,-3.588655384011801841e-02,7.664189711764997359e-02,-3.172431351259999421e-02,8.873025731391412374e-03,3.699609676200416031e-02,6.201010887023072904e-03,1.380217403972984758e-01,-1.041481037712456703e-01,1.210592467687054141e-01,-2.894396356551781624e-03,1.193753923591103772e-02,4.108168001304846051e-02,-1.506168820687509013e-02,2.596020909449336389e-01,2.237059013894460158e-02,6.059352810170418047e-02,-2.344665495299445152e-02,-1.590971304181315604e-02,4.315820759516142413e-03,-4.061559247517246285e-02,1.700862643382076156e-01,7.401193964596106123e-02,-4.188122845322167498e-02,1.155632748316975933e-01,1.236396832193335238e-01,7.728006229486765466e-02,-8.334682522775826996e-02,1.004985793257007765e-01,1.210063248492582177e-02,4.493445289223851891e-02,-2.746744962609502794e-02,-3.613288137884906881e-02,1.170295253716777673e-01,2.196872964775278825e-02,-8.920329663224460526e-02
2.303797500862659331e-01,-3.743503421394289710e-02,8.000000000000000444e-01,8.141641686894483809e-02,2.019769935579452391e-01,1.858470453087007757e-02,-4.413522959583805055e-02,2.130468390428066072e-01,3.511175706378407702e-01,4.225086969127562764e-01,1.241736250163393007e-01,2.590201042024541378e-01,2.518249499020009941e-01,2.073407515690958713e-02,9.231408782108409261e-02,3.193284388617499414e-01,-1.184942984110873981e-01,3.037489406528042779e-01,4.061387608565905638e-01,4.606339263312110854e-01,4.376246989464316339e-03,-1.143223222906434439e-01,1.008094354961333317e-01,6.199114123917580377e-02,1.864718525519570846e-02,1.720912326072905341e-01,1.483535548655571523e-01,1.715735811530583743e-01,-7.023787264263908758e-02,-1.428501399440341157e-01,8.206672583291776957e-02,5.417108811788412526e-02,1.318618079078947847e-01,1.502478536577245838e-01,-1.179359627570450153e-01,1.550255162196063075e-01,-3.734362589224907159e-02,-1.592865567402675098e-01,-3.399338771148627258e-02,2.919657411062298591e-02,-7.142034658087784149e-02,9.924125781761938825e-03,4.733714513100709120e-02,1.488147742763908654e-01,9.712423455754196078e-02,-7.656577545464476886e-02,-3.234246702985693611e-02,1.498860699539618091e-01,1.942167648198748764e-01,2.350552042233708394e-02,1.613003177020206902e-01,1.322726043486492919e-01,1.630189387597983375e-01,4.238000544334599717e-02,-2.066335211621786461e-02,2.296775396399189650e-01,-1.171959327486863517e-01,6.156631952804658692e-02,7.638446616681990320e-02,1.558173453872923608e-01,-7.417213106576805992e-02,7.708895351309744126e-02,-1.863329359229262683e-02,3.745573202260218948e-02,6.061797251850181700e-02,1.381645109403035199e-01,1.366379701005442093e-01,9.994758941158532473e-02
1.289141869637052962e-01,3.711730289892303802e-01,8.141641686894483809e-02,8.000000000000000444e-01,2.856351706492770148e-01,1.301035140998165196e-01,4.566147708265823335e-02,3.393048285239110284e-01,1.288794361747638562e-01,2.140992574129953474e-01,2.139339711438691671e-01,1.932196713561301626e-01,2.154477193045288841e-01,-5.490370183580538244e-02,5.004256815878364850e-02,5.546730653337669792e-02,-3.074271213613136156e-02,9.962823665153425212e-02,3.702355739788636413e-01,3.784729218987122334e-01,1.013285177346879562e-01,1.580079555871306274e-01,6.983030417896682329e-02,-1.552685473070795075e-01,-6.962203741194245010e-03,2.573870533044331221e-02,-1.371454118704188430e-01,9.437877394332039316e-02,1.129162633229914281e-01,1.010249454465306923e-01,1.099299897157046124e-01,9.287166740742025528e-02,9.319138829730783113e-02,2.944670273204721411e-01,5.515423678499220550e-03,-1.045308419165566494e-02,-1.900511721626768624e-02,-9.880072068260817297e-02,7.820836667172137435e-02,-9.183012203385532146e-02,1.173096797114719092e-01,-1.637064831485892380e-01,1.417937009819691951e-02,-8.984044912887109713e-02,-2.646190797666864158e-02,1.799217095579624948e-02,3.634089876407897712e-03,1.945767566676298577e-02,1.418715121287159042e-01,4.502205869306824537e-02,-8.770286904677249140e-02,-2.964030477631510174e-02,1.876605357199735147e-01,-7.185418508242974456e-03,5.636589900919508622e-02,1.306920397321066629e-01,4.064716727921155459e-02,-1.177731568214915314e-01,7.025592475050329577e-03,-5.829432667933842627e-02,-6.064484928109410700e-02,8.343573712958225752e-02,1.980904188026130774e-01,5.595307554393594285e-02,8.514964456716658803e-02,-1.316693506430345328e-01,-1.180394602914705549e-02,-7.090482934717132202e-02
8.457717135826667287e-02,4.313889999907815076e-01,2.019769935579452391e-01,2.856351706492770148e-01,8.000000000000000444e-01,2.495241143669605643e-01,1.815104242707166471e-01,8.953047995204281573e-02,2.162084152969873108e-02,1.513639048778612772e-01,3.297920418221730321e-01,2.688822401910888338e-02,2.278493676637402821e-01,1.682708163756778119e-01,1.192579058574860101e-01,2.746675440849351002e-01,1.853076698621531904e-01,4.300728426118983760e-01,1.723069295994682504e-01,1.676358820973193886e-01,2.289162550585327194e-01,2.407500944220296313e-01,8.241974519659094056e-02,2.997556730338477027e-02,-1.520240832262426678e-01,-4.640977121801212468e-02,1.821129686666169978e-01,-2.121231387616473452e-02,-1.119227153083190984e-02,5.435787038318523612e-02,-1.424659359944016879e-01,1.932505500444056667e-01,1.549258478726761590e-01,-5.226911613953372227e-02,9.031265451525236077e-02,7.419225646027804988e-02,-1.211901755465102232e-01,9.986876240800840465e-02,-8.719637015055257956e-02,-9.178013070488560965e-02,-3.981066499951890769e-02,5.566638651912435287e-02,9.748149259403771083e-02,5.418358761479230568e-02,4.860243786873236216e-02,-5.601852610530699828e-02,-3.942127194654393429e-03,8.807559626001715269e-03,-3.336932854375862512e-02,1.367757749633519981e-01,-1.122464392351908702e-01,1.553640355937273565e-01,1.373210838937526101e-01,4.361595449883681752e-02,-5.311770737038067763e-02,2.059125055005733285e-01,5.966846892487565057e-02,2.113860707861329180e-01,2.057406222853490063e-01,-1.360196289621131982e-01,1.824093197915541142e-01,7.357897606168990745e-02,6.142057489039953744e-02,-9.172147941595001908e-02,-5.757209434878562959e-02,1.684313309570889816e-01,7.886675810385287977e-02,1.727862001418108973e-01
1.527681923904870565e-01,1.699942904648544251e-01,1.858470453087007757e-02,1.301035140998165196e-01,2.495241143669605643e-01,8.000000000000000444e-01,2.482906848500643360e-01,2.430999315377325998e-01,3.459768796029316640e-01,5.582656544911659968e-02,3.219175402714322676e-01,-4.598748793216256292e-03,4.214065267211958288e-01,2.495508697493453720e-01,1.237921059348822961e-01,2.793072308001087745e-01,1.972352488203173437e-01,2.477156667429243064e-01,4.467368377852639627e-01,4.426757117574442457e-02,1.522913979681573549e-01,1.647794717022855182e-01,-3.678411255654950862e-02,1.261152712348582727e-01,-4.306902250162858437e-02,1.421418122992552102e-01,-1.392661575456989875e-01,7.227354576253573748e-02,4.496171063849252469e-02,-6.020895411365939642e-03,1.519039006446609719e-01,1.699534538972607978e-01,1.491590159979451768e-01,1.674132296534069919e-01,1.293096089620605349e-01,1.259752757747248098e-01,3.591549504897389999e-02,1.972524306671920302e-01,2.540231042530500805e-01,2.497627742791531102e-01,1.512375269810846690e-01,2.552415788519743489e-02,1.081449962381958452e-01,1.454486160263241956e-01,4.811499306764516204e-02,2.501055080852756518e-01,2.771507770230174916e-02,1.251661815542181588e-01,-1.760680871984743323e-02,-1.689461283534740565e-02,-7.450263781898280868e-03,1.537742806197359147e-02,-5.941567492933724770e-02,1.100053465861741686e-01,2.158940318245924361e-01,1.153070986149564714e-01,5.209442548800286010e-02,1.066085330677208898e-01,4.000016386962260140e-02,1.598126019308258317e-01,5.985739181464924674e-02,-2.690641159395108784e-02,2.528373224794522311e-02,6.582411714964023219e-02,4.270735179451012886e-02,8.001348729772400636e-02,1.314341067504785077e-01,-8.150733918912261844e-02
2.007379323052835285e-01,1.841993308633608217e-01,-4.413522959583805055e-02,4.566147708265823335e-02,1.815104242707166471e-01,2.482906848500643360e-01,8.000000000000000444e-01,3.354248139819977492e-01,1.623659701629916741e-01,5.137315906604103533e-02,2.848227316822925514e-01,1.026242842056504789e-01,2.055563200194638340e-01,5.730373501376122281e-02,3.364399102101401917e-01,4.414608712257866996e-02,-1.009940983811852266e-04,1.192011550028839184e-01,2.982551176665143577e-01,3.583593532234187751e-01,1.903642819748469772e-01,1.916900950850926599e-01,9.600089244678863820e-02,8.271616563776526543e-02,-2.250162501190455799e-02,1.809609633730871470e-02,-7.281452270887636691e-02,1.702824869514173445e-01,-1.612347163232774605e-02,1.579484548422766532e-01,2.270216977361065591e-01,7.359408548061796562e-02,-4.117085164623762727e-02,-1.296114716553383728e-01,9.492938653069193933e-02,1.392450201641424190e-01,6.257574717089764427e-02,-1.976020309430420729e-03,1.809061171635404086e-01,-6.545127169164172143e-02,5.415774652888760698e-02,2.084581533911439299e-02,1.065475327759518587e-01,1.007580390443002516e-01,9.717511371882381344e-02,1.724756954342210880e-01,6.105673986764779959e-02,1.218852555665888293e-01,1.265548427117402230e-02,1.696481027652891327e-01,1.823214689435189717e-01,-6.503810125423287181e-02,4.959550226692610586e-02,-9.576825667164395872e-02,3.008654725049170198e-02,-1.796441294446075032e-01,-7.244489541043669378e-02,9.064622327474633479e-02,1.485314417738460013e-01,1.106191393523905664e-01,1.479927201603687681e-01,1.683156643588176737e-02,1.540638424438127430e-01,-1.679991485652518601e-01,-1.997028826709262850e-02,-1.042508916901246918e-03,-8.541137190414477276e-02,-4.042092850491382783e-02
1.815819345949757635e-01,1.965022902372462188e-01,2.130468390428066072e-01,3.393048285239110284e-01,8.953047995204281573e-02,2.430999315377325998e-01,3.354248139819977492e-01,8.000000000000000444e-01,2.610877777383417975e-01,1.467309682647382485e-01,1.007004844983022118e-01,3.688020252648022135e-01,2.663817169571464083e-01,3.568177907182781272e-01,1.404361964280603503e-01,3.307962245489119990e-01,3.953721217824178735e-01,3.490625653916203941e-01,2.430448763593687778e-01,1.520398032741148986e-01,2.131278267211217103e-01,1.083269104674123295e-01,-5.862425019463875231e-02,-4.184380502933932044e-02,-1.573482041230524764e-01,-8.186267914031272741e-02,-2.995575107565076611e-02,-6.167684194861872138e-02,-1.124203910451900268e-01,-2.024162017939427904e-02,-1.354977676696030031e-01,1.315630888397660014e-01,9.572604099491655028e-02,6.316714314122956475e-02,2.429528278186937895e-01,8.940858426294659433e-02,1.011188520783942724e-01,1.791063895690792607e-01,1.150983373322189696e-02,2.153761659333556788e-01,1.196688905906762440e-01,1.347013229272061574e-01,4.604397359473026696e-02,-6.905875905593772401e-03,-1.379742563934785449e-01,9.664749538023501008e-02,-1.413506494156426818e-01,-2.125942268779240640e-02,1.382562934506489372e-01,1.532437049467929024e-01,7.867965756475435446e-02,5.216267678967076438e-02,-1.240610480113870928e-01,-7.645205463985590977e-02,-4.008021279530810110e-02,1.881502329578110810e-01,-1.075507805797835115e-01,1.157056926946934544e-01,-4.234414381417861417e-02,-2.139556340757636788e-02,1.999198253454881336e-02,-5.553188893726994368e-02,-1.307010428101886834e-01,-1.265903092429840338e-01,-4.773577972517373258e-03,1.784900703784829123e-01,1.117827718904240708e-01,-6.012656072151048581e-02
2.523598780919980022e-01,1.447130746770947940e-01,3.511175706378407702e-01,1.288794361747638562e-01,2.162084152969873108e-02,3.459768796029316640e-01,1.623659701629916741e-01,2.610877777383417975e-01,8.000000000000000444e-01,2.436431760212611486e-01,2.088704999340328938e-01,1.890071492948317000e-01,2.223591867155750301e-01,1.687554239212157581e-01,6.929942137978867267e-02,2.713752205735467382e-01,1.824425667846307775e-01,6.412913461288148598e-02,1.493880578091946743e-01,6.562444326595624766e-02,8.514489509744214979e-02,2.433374522915744409e-01,6.473626946891469780e-02,-1.102710509765345293e-01,6.064901487088575349e-02,6.963949018012902115e-02,-1.899009814934159157e-02,-3.981856428871306808e-02,5.377166426473981020e-02,9.010972518152321475e-02,8.507289997012823513e-02,5.009629651946634343e-02,-4.451858511765294235e-02,1.197955270437379427e-01,4.302095494906941348e-02,1.795189742453700832e-01,-4.611533681547874686e-03,-5.604065039627847966e-03,-1.792576260495437612e-02,-2.644489437564873091e-02,5.579828922471369301e-02,6.096798796281649446e-02,1.135928193255815594e-01,1.149094864473715338e-01,-8.078770826655673476e-02,3.496250851069115928e-02,2.168621003051912632e-02,9.481379133671383186e-02,4.432412680285924278e-02,5.702396736725745541e-02,7.759850969598539039e-02,1.046171412626911573e-01,6.520957648162414855e-02,1.068041380424359504e-01,2.516448295456955031e-02,1.512856294329441298e-01,-4.834950371017721071e-03,-4.103045883796824223e-02,-6.518578769194875722e-02,-1.511037629739732935e-01,7.474986563752494817e-02,1.760981684456188745e-01,6.557332525404582779e-02,-1.109508231558737068e-01,-2.764443175309663769e-02,-3.120408549120762265e-02,1.414259772080641853e-01,-1.397599577028177387e-02
4.406489226090721245e-01,1.815371417600600279e-02,4.225086969127562764e-01,2.140992574129953474e-01,1.513639048778612772e-01,5.582656544911659968e-02,5.137315906604103533e-02,1.467309682647382485e-01,2.436431760212611486e-01,8.000000000000000444e-01,2.347030392826492950e-01,1.957662278480293561e-01,1.411968168196710005e-01,5.062342507281783477e-02,2.922015604091779406e-02,6.871433716613838116e-02,2.002338371894253344e-01,4.107408622613778482e-02,4.167910700405251800e-01,2.367037053182568240e-01,2.726651999818597849e-01,1.735008603204291622e-01,1.620098003758927430e-01,-1.229882112067279820e-01,5.034654614655520444e-03,3.667476106776740297e-02,-4.815005719319642719e-02,6.952224930087924637e-02,9.591209794037547365e-02,8.776823131702118919e-02,-1.933790447614601449e-02,1.335607017702555854e-02,-6.064950881017183715e-02,-4.609653172072680771e-02,-5.798643468221481578e-02,6.658242038156969578e-02,-5.279233633398661141e-02,-5.575546850761742279e-02,1.408972841684110744e-01,6.789136580258914311e-02,-9.909310860105460805e-02,1.145311257256944881e-01,-5.453367445004661529e-02,-8.430505223601288123e-02,-9.910004034352215552e-04,2.791424158144871492e-02,-5.236936620417315114e-02,2.933004355530757223e-01,9.031841227225767543e-02,7.474977167154220337e-02,-3.067361599198237254e-02,1.406070050136551397e-02,1.411417867568309781e-02,1.766132913449884878e-01,8.581097609275006866e-02,5.914541193332090163e-02,2.382120318097015466e-02,2.057420106916963420e-01,1.070998161709320468e-01,-3.166807563951884452e-02,4.217414203064043243e-02,1.138015485002194516e-01,-5.052869533593590257e-02,4.271874286962110134e-02,1.151841790466485438e-01,-5.189442064401600385e-02,2.048835454867107275e-01,8.822060592842334570e-02
8.212953695290919898e-02,4.224716885965855706e-01,1.241736250163393007e-01,2.139339711438691671e-01,3.297920418221730321e-01,3.219175402714322676e-01,2.848227316822925514e-01,1.007004844983022118e-01,2.088704999340328938e-01,2.347030392826492950e-01,8.000000000000000444e-01,2.665995115234557900e-01,9.421203833274724437e-02,2.135112635287189642e-01,2.978178789592340892e-02,-3.088397467155185039e-02,1.359748373306764457e-01,2.368147527114492779e-01,3.854223538249155756e-01,3.238420146929240073e-01,2.766751731344474496e-01,1.225379836434728198e-01,1.428656851310296516e-01,-5.020891539554583893e-02,-3.138245158847352556e-02,1.137967616762129708e-01,-6.535865298261747669e-02,-3.029391999431768623e-02,9.127289745889430317e-02,6.687156485601777889e-02,1.564038477621199630e-01,4.980134032210259409e-03,1.528930345924432166e-01,5.599140245999392751e-02,1.753104549301631732e-02,9.346494032563096299e-02,-8.698962116711539405e-02,1.458734823729527230e-01,1.175502979822256877e-01,-6.750690551506646764e-02,1.449109691314001691e-01,3.071804701251584779e-02,1.105974209001612113e-01,5.453440276988268109e-02,7.552019764453071771e-02,1.230275349917815536e-01,3.240425226871551101e-01,-5.088849227646226325e-02,1.198102439528049568e-01,-5.065671617666504811e-02,1.348311225338231500e-01,9.901839168105651401e-02,-1.007455476763695207e-01,-5.566699688296009030e-02,-2.165121748849830330e-01,4.685234775074653690e-03,1.369805636805222493e-01,-1.656751043011595037e-02,-2.766149649939877997e-01,1.603501549869868203e-01,8.122869881442748574e-02,-5.387364560596927254e-02,-5.686666325263339816e-02,-2.974619377481907412e-02,-2.104565420724838765e-01,9.690551906493538592e-02,-5.019332917431555685e-02,-1.339246052126469855e-01
3.753350950650751194e-01,6.685582163459902194e-02,2.590201042024541378e-01,1.932196713561301626e-01,2.688822401910888338e-02,-4.598748793216256292e-03,1.026242842056504789e-01,3.688020252648022135e-01,1.890071492948317000e-01,1.957662278480293561e-01,2.665995115234557900e-01,8.000000000000000444e-01,4.264606575816655143e-01,2.805772799523283401e-01,2.186234600680467266e-01,4.458754904239234373e-01,9.245031700384254147e-02,3.617809359383568069e-01,4.167614435176636434e-01,3.164894432142494884e-01,3.467162144402166080e-01,1.318568787974543910e-01,1.561346508266867605e-01,1.154357384030196831e-01,6.538946342217526186e-02,-4.964621658404130833e-02,1.512988431128864664e-01,1.270912293821607753e-02,-6.093687218323229349e-02,-8.746228825434565479e-02,2.256869064280096759e-02,-1.025692264419758304e-01,1.036560961477112075e-03,-6.969495815164994390e-02,2.333355143029490764e-01,-1.136179947969748749e-01,5.598292959679612713e-02,9.082343243749957384e-02,3.762734962197555877e-02,-1.209875995010500360e-01,8.324987784471357677e-02,-8.737598790825032435e-02,5.017540428018130161e-02,3.864503992720030867e-02,-1.178724612720022935e-01,7.963962525349335686e-02,4.384659535108442752e-02,2.307543087192835407e-01,-1.434282946881219878e-01,-6.255284783745845845e-03,-2.113954280713328804e-02,-3.311086510860014598e-02,2.254596453050222993e-01,1.986095040055678440e-01,-6.669030679583271004e-02,1.092926851512595054e-01,1.378561858962956965e-01,-8.748873827852265972e-02,3.473061774599117690e-02,7.210048587832906808e-02,2.169729385851774106e-01,8.048470281920543090e-02,1.173392702257020082e-01,-2.770898879457890651e-02,6.819091617463698962e-02,6.130522920674036369e-03,-4.624408826347822798e-02,6.410959750907413435e-02
2.097124610227993347e-01,2.877450884488646499e-01,2.518249499020009941e-01,2.154477193045288841e-01,2.278493676637402821e-01,4.214065267211958288e-01,2.055563200194638340e-01,2.663817169571464083e-01,2.223591867155750301e-01,1.411968168196710005e-01,9.421203833274724437e-02,4.264606575816655143e-01,8.000000000000000444e-01,1.897421063337472735e-01,-4.224940026630100154e-02,5.126494087791139131e-02,1.862941173442433374e-01,1.625209351096171817e-01,-5.670597123861570443e-02,2.509753721509082047e-01,2.904019749599108802e-01,2.552814290915410567e-01,-5.332995611928043056e-02,-4.110753415921319931e-02,1.577378130553805380e-02,7.879372832664099935e-03,-5.699157260379274226e-02,7.002249238060379022e-02,6.584369691683730763e-02,-8.659100472668151971e-02,5.164498615528467784e-02,-1.787953123202125072e-01,-6.123086491727218472e-02,-1.122981209464865848e-01,1.843504887383077551e-01,5.780427817580224836e-02,2.730336753843490283e-02,5.213152798680298350e-02,1.693310119709810491e-01,9.329825903136904075e-02,-2.722987484060351848e-02,-1.344382057494403204e-02,1.012604169839790014e-01,-1.298600486397542275e-01,1.142578262157112334e-01,6.627333888732625522e-02,-8.578069685453754145e-02,-2.875171408408289109e-03,2.070032029837104437e-02,8.117656129881800631e-02,-9.272637310662694421e-02,-2.555780203851859556e-03,-6.928866981035211592e-02,-3.901513028205272349e-02,1.524601058451949265e-01,2.290481416331269227e-02,-1.088806944411655625e-01,1.727403170304533386e-01,1.892219227254296476e-02,-4.035325983363700908e-02,-1.232022034268534794e-01,6.428882621950043896e-03,2.419098361371108119e-01,-2.039904103803083513e-02,1.326770302134496482e-01,-4.086761940475239219e-02,2.585628219521841076e-01,9.100186163581920618e-02
1.340216485909430377e-01,2.290087737991940986e-01,2.073407515690958713e-02,-5.490370183580538244e-02,1.682708163756778119e-01,2.495508697493453720e-01,5.730373501376122281e-02,3.568177907182781272e-01,1.687554239212157581e-01,5.062342507281783477e-02,2.135112635287189642e-01,2.805772799523283401e-01,1.897421063337472735e-01,8.000000000000000444e-01,1.009947509375914154e-01,1.847590212054154302e-01,2.362303845710699013e-01,-9.965354097909315256e-03,3.899152471835040101e-01,2.221354610315418032e-01,1.298810070907291947e-01,3.255257492121866880e-01,2.243077707541241972e-01,4.412621586148177122e-02,1.370893536155136649e-01,5.289821223666668626e-03,1.305513811113777345e-01,1.244860896408009343e-02,4.617332518071010083e-02,-4.721641924606551077e-02,9.809151676553456989e-02,-3.798524452661311557e-02,7.458085244210210796e-04,-2.013763924824872875e-01,1.851590480760968993e-01,-5.395366461935269253e-02,6.569017103963425974e-02,-1.633666377139441073e-01,-6.473900607915980543e-02,-6.850735187162743101e-02,6.272402450585501388e-02,-8.673663980204987523e-02,1.070375604405776893e-01,-3.125350914165325733e-03,-1.682259927702095537e-02,4.287980344547209777e-02,-9.972316981624301802e-02,6.912034792397298011e-02,-1.151519584169624633e-01,-3.039201672445684954e-02,-9.521992903984360934e-02,1.238444161621727602e-01,4.289016122883765325e-02,9.271741310907108402e-02,1.226192060929515160e-01,1.819664942059934232e-02,-1.528182011971845888e-02,3.534603993215990059e-02,-5.427316607281205962e-03,-1.411287469635966185e-02,5.751846257882502200e-02,-7.190609393139407723e-02,1.777554641751299125e-01,-8.965148182607057814e-02,-7.038483850199654668e-02,1.571169699070616432e-01,-7.849304074032587009e-03,3.738186818312061455e-02
1.225571178482205842e-01,1.915688189181939394e-01,9.231408782108409261e-02,5.004256815878364850e-02,1.192579058574860101e-01,1.237921059348822961e-01,3.364399102101401917e-01,1.404361964280603503e-01,6.929942137978867267e-02,2.922015604091779406e-02,2.978178789592340892e-02,2.186234600680467266e-01,-4.224940026630100154e-02,1.009947509375914154e-01,8.000000000000000444e-01,2.556128186254478241e-01,2.928372158083772381e-01,2.518683367652572169e-01,8.628239926001583793e-02,2.396039837453546872e-01,-2.698810108908275551e-02,1.832816904207607012e-01,2.552230328787198910e-01,-5.151214551697740063e-02,3.251031519042471563e-02,-2.550921119696802908e-02,-8.889890385866183742e-03,6.430956065946030753e-02,-4.971500607960203932e-02,1.350751618464467174e-01,2.029899918767103795e-01,5.877812902890264257e-02,1.188232607744604818e-01,8.223222175938599277e-03,-7.174960178117531506e-02,5.354945663817450852e-02,8.429715197676404537e-02,4.503964590331976936e-03,1.413912080883288069e-02,-1.031531917194544457e-01,2.084287298787932396e-01,1.338744227762104777e-01,9.595884233310961187e-02,6.800574194961861441e-02,-1.090302659847554589e-01,2.031725964791176731e-01,1.655986496776007399e-03,-1.298174958323829731e-01,-8.132166185770901834e-02,-1.130083427863421697e-01,2.031129181487412172e-02,8.496510256475536815e-02,6.850984035074564327e-02,5.629147450421437271e-02,-5.249140796508625084e-02,1.186651669608369819e-01,5.108880341718219364e-03,1.944391534573096381e-01,3.454402054631899865e-02,3.572119583394017805e-02,1.424765613742267623e-01,-6.909871619505367213e-02,-4.825627858743057608e-02,4.141823362137100895e-02,1.362743507066740967e-02,9.765160300468991861e-02,8.376118642926674851e-02,6.072217415764322168e-02
1.850896928662925378e-01,3.277006006731064680e-01,3.193284388617499414e-01,5.546730653337669792e-02,2.746675440849351002e-01,2.793072308001087745e-01,4.414608712257866996e-02,3.307962245489119990e-01,2.713752205735467382e-01,6.871433716613838116e-02,-3.088397467155185039e-02,4.458754904239234373e-01,5.126494087791139131e-02,1.847590212054154302e-01,2.556128186254478241e-01,8.000000000000000444e-01,2.855128812914010106e-01,-5.969607395553670759e-02,1.724651367416119574e-01,-1.834857198832802461e-02,2.279677654718121893e-01,2.375603151596850648e-01,-2.839408341000070890e-01,2.594540646185106159e-02,1.336621030343645711e-01,-4.739548279887290105e-03,3.971541027781275157e-02,1.712552837875405687e-02,1.116436121270263371e-01,2.407714298239269080e-02,2.258582862825624926e-01,5.848025332850836921e-03,6.412417749654011900e-02,1.934308137248613724e-01,1.894802583569850651e-01,-3.586530348397687362e-02,1.632880744301283271e-01,1.865619241570806719e-02,4.936211098360679395e-02,1.129221278415421525e-01,1.340897811620180013e-01,6.909865480190952036e-02,-6.032329814568376802e-02,-6.219915568591874444e-02,-4.662978252946844981e-02,5.946689955783956982e-02,1.499017725308595117e-01,3.823479705646949667e-02,-1.437008934962984430e-01,-6.344813423709781686e-02,1.423099074659025798e-01,-8.145003296117692138e-02,1.801877430411294445e-01,-1.024054293839856133e-01,4.325790094030931843e-02,1.158541790515957570e-01,1.281584137825128589e-01,1.570666497425204367e-01,2.055386075854200856e-01,2.406676481637928799e-02,4.250065335719566129e-02,-1.576907009876624688e-01,1.192225901069230154e-01,-2.739120201231867724e-02,-4.926230505101686363e-02,4.312307256096087338e-02,4.012792917947363702e-02,1.112707619005699755e-01
2.085555011480056953e-01,3.248596637502218498e-01,-1.184942984110873981e-01,-3.074271213613136156e-02,1.853076698621531904e-01,1.972352488203173437e-01,-1.009940983811852266e-04,3.953721217824178735e-01,1.824425667846307775e-01,2.002338371894253344e-01,1.359748373306764457e-01,9.245031700384254147e-02,1.862941173442433374e-01,2.362303845710699013e-01,2.928372158083772381e-01,2.855128812914010106e-01,8.000000000000000444e-01,2.016387482249962226e-02,4.117511178626707125e-01,7.074782902366258397e-02,8.195412445255263745e-02,8.111848084028192019e-03,1.754166734683434425e-01,-2.311228895075106982e-02,-6.395774675942378362e-02,5.754731691553452433e-02,-4.572436054643397307e-02,1.345822450026717965e-02,9.209405259739927851e-02,-7.421890842223116680e-02,-1.493042227880470585e-01,1.910078146546941025e-01,1.690540934960641228e-01,1.003981296907627274e-01,-8.767235732259903713e-03,4.626647790684979000e-02,1.560482759496448768e-01,-8.424194865503142893e-02,-1.888973055695670200e-01,3.490011105300150351e-02,3.741519238955298698e-02,2.702129899149650627e-01,-9.256007737386402756e-02,1.218255058150324865e-02,2.240015220262320250e-03,8.822337035062555177e-02,7.980901957461372653e-03,1.466748919321331779e-01,4.625766621909677134e-02,2.346700749578739531e-02,1.392447470665166276e-01,1.440679701039829230e-02,-1.438733515024018250e-02,1.560208525029796456e-01,-6.232063055876169155e-02,1.169729960095208521e-01,-1.146940638801149936e-01,2.112236406030618130e-02,-4.750004127043183644e-03,1.757476930033286533e-01,-1.484138199468948427e-02,-1.010770129626896441e-02,2.127203999523322175e-01,8.710513353839616224e-02,-1.051775169839208324e-01,5.874127767548126267e-02,3.728599520781417098e-03,5.636295538752045253e-02
3.891042431346273256e-01,1.155960340038864331e-01,3.037489406528042779e-01,9.962823665153425212e-02,4.300728426118983760e-01,2.477156667429243064e-01,1.192011550028839184e-01,3.490625653916203941e-01,6.412913461288148598e-02,4.107408622613778482e-02,2.368147527114492779e-01,3.617809359383568069e-01,1.625209351096171817e-01,-9.965354097909315256e-03,2.518683367652572169e-01,-5.969607395553670759e-02,2.016387482249962226e-02,8.000000000000000444e-01,6.662528775086995481e-03,-2.221966790028873096e-02,9.134862346962061008e-02,2.634421371164303860e-01,-6.595555048992501890e-02,6.985732826921386973e-02,1.442165398421791922e-01,-5.246923551006113517e-02,-1.120455522838765539e-01,7.084819208595791173e-02,-5.889934368256857788e-02,4.549453800416353166e-02,1.478878567081666207e-01,1.900595936011345299e-01,1.896753039158587395e-01,-2.793433667727496239e-02,-2.294384561041937221e-02,-7.125753993041183953e-02,3.194766220889988517e-03,3.973220804550522955e-02,4.123373812595476640e-02,-9.861711926282504259e-02,-8.200400444310695924e-02,-6.572475889643354663e-02,8.903453662636179322e-02,-7.713673705510118439e-02,3.032976680150942239e-02,2.446126382821309231e-01,7.329966685675065596e-03,-8.564982450236477418e-02,1.718621777053927213e-01,5.861581069489679718e-02,-1.152252688553646043e-01,6.513181991704036777e-02,-7.100038420396659333e-02,2.123150388019096335e-01,1.239767343138419159e-01,1.430173649804006852e-01,-7.870901856499340488e-02,-8.996866095964042853e-02,-1.096373261813863298e-01,9.952554062702081983e-02,2.017386872047345903e-01,-1.040298645968785185e-01,4.554326261830057843e-02,1.106305232272183359e-01,1.188232827231267275e-01,1.201090983522649647e-01,2.801004751079707589e-01,1.622495221141264099e-01
2.495634032612429887e-01,4.223969164679894917e-01,4.061387608565905638e-01,3.702355739788636413e-01,1.723069295994682504e-01,4.467368377852639627e-01,2.982551176665143577e-01,2.430448763593687778e-01,1.493880578091946743e-01,4.167910700405251800e-01,3.854223538249155756e-01,4.167614435176636434e-01,-5.670597123861570443e-02,3.899152471835040101e-01,8.628239926001583793e-02,1.724651367416119574e-01,4.117511178626707125e-01,6.662528775086995481e-03,8.000000000000000444e-01,1.261382005759550673e-01,7.100580574680107060e-02,3.493808496538941544e-01,-1.570634084709853773e-01,1.458243033473280437e-01,8.820200082166411437e-02,-5.742266044242838596e-02,-3.176253508756082811e-03,1.977264159400500820e-01,-2.744715674956518803e-02,-3.143478606293109712e-02,-1.780876793592086060e-01,1.684870625316298165e-01,1.494170716697046375e-01,1.154993337614260845e-01,5.971071094632285359e-02,2.038714835789434687e-03,1.928414026735442155e-02,8.783454918328409411e-02,1.875397588694127926e-01,-3.763095507123576100e-02,-1.343552275628521475e-01,-1.040303923038752437e-01,6.339608731623969096e-02,1.819439256091469059e-01,6.017092155100794981e-03,-3.258665911995309306e-02,-1.326060584716042268e-01,1.641315330991161003e-02,-3.209031888168067947e-02,1.536491143102826085e-01,-8.074796548744711533e-02,1.388714422702959084e-01,-3.856144535469224754e-02,5.561592604994802791e-02,6.107937773130292514e-02,1.143668764036736563e-01,1.175389196341734971e-01,5.427217240788820285e-02,1.948141700652117891e-01,1.433289822977741879e-01,1.926964655113921621e-01,-6.558671454115984345e-02,9.636065805054674915e-02,2.553551766478437957e-01,-3.501507659926184068e-02,8.266752045046371622e-03,1.793495893761532511e-01,1.917775832331772012e-01
3.663044965039857770e-01,2.463231861722107729e-01,4.606339263312110854e-01,3.784729218987122334e-01,1.676358820973193886e-01,4.426757117574442457e-02,3.583593532234187751e-01,1.520398032741148986e-01,6.562444326595624766e-02,2.367037053182568240e-01,3.238420146929240073e-01,3.164894432142494884e-01,2.509753721509082047e-01,2.221354610315418032e-01,2.396039837453546872e-01,-1.834857198832802461e-02,7.074782902366258397e-02,-2.221966790028873096e-02,1.261382005759550673e-01,8.000000000000000444e-01,6.696539300193538047e-02,2.905976582627150528e-01,1.168038108515847828e-01,1.143441884423732902e-01,1.565676347093499787e-01,6.608131416206461384e-02,-1.567269600319831091e-01,-3.044159092299997260e-02,1.113771625718196906e-01,1.494841399734737897e-01,-5.366458868009199579e-02,-4.106522391464992316e-02,8.191150818607612072e-02,6.043021846472867997e-02,1.367728805953687121e-01,1.011369345531113462e-01,-7.768955714154701653e-05,3.533273442250989271e-03,9.948326282524261321e-02,6.855574770889227842e-02,6.230802933126750043e-02,-6.344103097133491076e-02,-3.772399649514518449e-02,-1.487510708138244375e-01,1.658524898126171043e-01,-2.753774560351335277e-03,9.405969546665299275e-02,9.575097507524255036e-02,1.870575413021834943e-01,-1.128251617314579569e-02,7.798867535240619486e-02,-2.297463551476895682e-02,8.379157238343407088e-02,-7.479645442556544233e-02,-3.808961984937753176e-02,3.162663958311218160e-02,-9.857653878150482440e-02,9.205566493164898945e-02,6.624914662877195992e-02,-1.748348221747343945e-01,3.598015522440162206e-02,-1.362318959978641442e-01,-7.174772995490188987e-02,1.282393621666859662e-01,4.668897686647793810e-02,8.150467336123182194e-02,1.099518846374108738e-01,7.838266440409680236e-02
3.783505916270458735e-01,1.616822778304801145e-01,4.376246989464316339e-03,1.013285177346879562e-01,2.289162550585327194e-01,1.522913979681573549e-01,1.903642819748469772e-01,2.131278267211217103e-01,8.514489509744214979e-02,2.726651999818597849e-01,2.766751731344474496e-01,3.467162144402166080e-01,2.904019749599108802e-01,1.298810070907291947e-01,-2.698810108908275551e-02,2.279677654718121893e-01,8.195412445255263745e-02,9.134862346962061008e-02,7.100580574680107060e-02,6.696539300193538047e-02,8.000000000000000444e-01,2.973824381151464746e-01,7.121247473656089344e-02,9.699607285981021176e-02,5.358138437456831660e-02,-2.955974914802536602e-02,2.654476094087282467e-02,6.175872161598829069e-02,1.879168713115062506e-01,1.028858585548873272e-01,-3.350502953972833708e-02,1.132651902915790265e-01,1.676472105602055951e-02,1.747413855110585557e-02,5.844223602811959156e-02,-1.818204833383472163e-01,1.838792860311280752e-02,-1.478365064243978844e-01,2.591866740758450027e-02,3.585235573304909606e-02,-1.610060760488257192e-01,1.277530039032089559e-01,-3.533833890137089151e-03,8.862896937918618434e-02,-3.608096671855168941e-02,9.913868932444336313e-03,2.322206930792108937e-02,-1.375308736395304265e-01,5.551319204746962832e-02,9.161693490964517572e-03,1.089899153559783784e-01,-1.017173905717798921e-01,-4.181414304544089910e-02,1.053082698859533761e-01,-9.886675966871649734e-03,8.907519176686146123e-02,-1.465814848562409789e-01,-1.608335741692612508e-02,-1.449495614787492115e-01,-2.861969317959386916e-02,-8.388729166097202983e-03,5.067481331745388173e-02,7.715818152694875476e-02,1.648725187544702875e-01,9.668019099272723293e-02,7.463305976511597217e-02,1.059615762338403377e-01,5.109914621264746715e-02
1.956728867850410503e-01,1.672045682612646189e-01,-1.143223222906434439e-01,1.580079555871306274e-01,2.407500944220296313e-01,1.647794717022855182e-01,1.916900950850926599e-01,1.083269104674123295e-01,2.433374522915744409e-01,1.735008603204291622e-01,1.225379836434728198e-01,1.318568787974543910e-01,2.552814290915410567e-01,3.255257492121866880e-01,1.832816904207607012e-01,2.375603151596850648e-01,8.111848084028192019e-03,2.634421371164303860e-01,3.493808496538941544e-01,2.905976582627150528e-01,2.973824381151464746e-01,8.000000000000000444e-01,1.433458288556752058e-01,-3.718541701958061330e-02,9.737910711466679636e-02,1.174567455260369098e-01,-6.875364006582690424e-02,1.256008373259906163e-01,4.787409814921231299e-02,2.643313400832869586e-01,9.423538267623071674e-02,-9.008614964050490337e-02,1.615967766711079445e-01,1.120543561294512769e-01,1.157650525422121435e-02,1.018178388066788287e-01,1.792535762939719002e-01,-6.094018378501483285e-02,-1.146745935299958719e-01,3.073225396749421079e-02,-2.252872179954532039e-02,2.744812623895565018e-02,1.835634635175015239e-02,1.908932002809435313e-01,4.403188893398559539e-02,-8.811715329688742104e-02,1.637823442041329292e-02,5.158277165131885944e-02,5.086717948372179721e-02,-9.595853088607592118e-02,-2.038979653530390013e-01,1.080468282138648817e-01,-1.770993782183799548e-02,-2.448145482057420552e-02,-6.882700431567706501e-02,1.471315797803901260e-01,1.039845370438002847e-01,1.366688563000301726e-01,8.208797483081997637e-02,-1.072860789773183443e-02,1.274403093374806561e-01,5.688180322774710751e-02,-1.268628082573405591e-01,-3.718000616200306530e-02,-5.123358763572205543e-02,2.015438284733703789e-01,2.440325835039924840e-02,9.834297097763472495e-02
3.872583662723957931e-02,-3.290199654143163843e-02,1.008094354961333317e-01,6.983030417896682329e-02,8.241974519659094056e-02,-3.678411255654950862e-02,9.600089244678863820e-02,-5.862425019463875231e-02,6.473626946891469780e-02,1.620098003758927430e-01,1.428656851310296516e-01,1.561346508266867605e-01,-5.332995611928043056e-02,2.243077707541241972e-01,2.552230328787198910e-01,-2.839408341000070890e-01,1.754166734683434425e-01,-6.595555048992501890e-02,-1.570634084709853773e-01,1.168038108515847828e-01,7.121247473656089344e-02,1.433458288556752058e-01,0.000000000000000000e+00,-2.336054872396889359e-01,1.104841689787927905e-01,2.410228752605106384e-02,1.406033942162540906e-01,-5.651346836517497085e-02,8.651716293783602574e-02,-2.253968256604450549e-01,4.456340547988263401e-02,-1.697762610551364904e-02,-9.918065957475336036e-02,1.254800399524491628e-02,1.291622371769996225e-01,5.963190980120156026e-02,6.562354315513234393e-02,5.555801140441754549e-02,-2.290421255202865214e-02,-5.660778222975715313e-02,2.616804740152584574e-01,5.090637757557453513e-02,8.076618498477258767e-02,2.263169601096620132e-01,9.684632765253983755e-02,-5.972410796463889504e-02,3.938263364452650878e-02,6.342781769402439096e-02,1.222018632312939779e-01,-9.939009149170477397e-02,3.443032961443422135e-02,6.181087672038040881e-02,4.262788433876324445e-02,7.313122034328739529e-02,6.303686190496993191e-02,1.054495631503729047e-01,-7.209348619708155770e-02,1.523584942329928027e-02,7.968815529192105340e-02,1.902713447800914170e-01,1.230339531980508549e-01,-1.404518555357016085e-01,2.223911914942358625e-02,-2.307534826772228431e-02,1.227551811462831571e-01,-3.740092501982533735e-02,1.011161048280270619e-01,2.291030512589285473e-01
