1.500000000000000000e+00,3.906670031310768842e-01,2.334617811617545891e-01,1.290332837993669046e-01,4.227802351392275226e-01,3.947640841971948311e-01,2.720179446397020251e-01,2.860145827237964289e-01,2.390866058107298242e-01,2.896337722036955165e-01,2.897258881278111931e-01,3.303343058680886513e-01,3.556437965919174715e-01,1.769000497713840991e-01,3.790332127752226166e-01,2.774754396392456468e-01,3.698511197633951864e-01,3.210058878676141370e-01,3.106492395478480661e-01,3.919708477352257803e-01,2.490622262748307669e-01,2.984617082490083062e-01,1.703754221880756647e-01,1.749850210544590112e-01,2.632208012569665634e-01,1.838485114537564136e-01,1.165813575646657690e-01,8.031860171177006291e-02,2.430325621147407245e-01,1.769682868592254432e-01,3.042317231438971259e-01,6.269178928994881272e-02,1.853582812230291643e-01,3.229319665860210797e-01,8.929602067766773121e-02,5.039321510219167688e-02,2.250445431636111104e-01,1.127725635351977396e-01,1.213733613939387973e-01,3.041954775345285245e-01,1.748659014413405099e-01,2.870901084775672740e-01,1.107610120146955146e-01,2.735427757232873278e-02,3.013523567221775279e-01,2.428517070716253723e-01,1.966229649647818767e-01,1.275817986479795552e-01,2.703950666174973483e-01,2.238767285450255773e-01,1.183413394227760679e-01,1.149365873668581756e-01,1.794157262229224004e-01,3.438947668163779003e-02,3.113136847536212004e-01,2.972401072880651585e-01,1.746039360461195122e-01,1.363546735439218893e-01,1.155466071030456371e-01,8.587386079452477561e-02,2.269599655612058453e-01,1.336950025688264931e-01,1.975196069322963655e-01,7.735128115936672211e-02,3.074656537527300504e-01,2.046375386567809151e-01,2.534308202592840953e-01,1.777644026852661374e-01
3.906670031310768842e-01,1.500000000000000000e+00,3.794807185060352084e-01,4.664902115440204833e-01,1.910029284875416622e-01,2.654174854538077222e-01,1.514422757426367172e-01,4.159551838250916678e-01,1.008462836112364869e-01,3.737996941979503385e-01,4.261413619246305351e-01,4.094669359411382548e-01,1.249300146807835604e-01,2.444646386737274191e-01,1.323072897347795651e-01,2.495096795812627721e-01,3.396152497890687072e-01,1.928279466699445721e-01,3.505363204865996618e-01,2.968470521937732753e-01,2.960798644679045744e-01,3.192004073679237663e-01,1.813103914349926404e-01,3.513327152172721624e-01,2.155240531746105970e-01,3.126200705836181815e-01,3.454068822531348726e-01,3.277890077030244376e-01,2.298621587841642167e-01,1.003463750387312281e-01,2.215732220886822701e-01,2.298288225014261665e-01,2.296869152318870289e-01,1.976772744588168318e-01,2.867055653501449086e-01,1.781677557056968730e-01,3.031654066780156143e-01,2.699359950945203757e-01,1.463294435074114497e-01,1.507650329428245062e-01,1.476530559340974991e-01,3.484474409635642256e-01,2.540615230537641156e-01,1.997609711776019981e-01,1.083154173380642266e-01,2.430734993241112987e-02,2.196040489334753487e-01,3.249224105448745847e-01,2.242822969638022801e-01,6.155508186009464588e-02,2.060895692562975112e-01,2.746232152858422704e-01,3.000861500149600292e-01,1.692848501098491998e-01,2.527993972576341730e-01,2.824615739859962504e-01,2.346738103312359380e-01,1.308943730328066823e-01,1.894380284331127762e-02,3.388780566241663683e-01,2.200731140724716817e-01,2.909661830827128259e-01,3.805391303100232880e-01,3.125580680992374738e-01,1.976535283627678385e-01,2.458894155622601829e-01,2.159590691332041179e-01,3.529919126426599441e-01
2.334617811617545891e-01,3.794807185060352084e-01,1.500000000000000000e+00,4.321601068305733762e-01,4.429066226963133124e-01,1.208636931526171077e-01,2.350440993748401930e-01,3.300060511998874624e-01,3.856767430844101341e-01,3.179374996192506631e-01,2.683446245274914155e-01,2.843254469733871304e-01,3.041574886563692265e-02,4.311827495060123749e-01,1.585948454624240556e-01,4.632161094669462464e-01,2.043767160004011652e-01,3.797981509935286493e-01,3.850162179130504070e-01,4.554704599322079162e-01,1.069907205873098510e-01,3.425435389027866040e-01,3.573416425115056860e-01,2.997251481733851364e-01,2.272113889485173899e-01,2.741141060013155828e-01,4.846184769817485360e-02,7.766673823402850396e-02,1.633699487007564677e-01,1.959325130077763655e-01,2.441017330408526420e-01,1.308512931061460161e-01,2.235660606105364934e-01,1.997800465621344390e-01,1.034316780135893787e-01,2.032141268916682897e-01,6.640624235770482831e-02,2.316792715729290575e-01,2.613052613747423591e-01,4.227131614747112881e-02,9.722557859054160867e-02,2.724018417764278999e-01,2.802137904232782084e-02,3.245669280056955874e-01,2.214779805460136142e-01,2.697212494872649469e-01,1.514771197137596559e-01,1.369230037468190941e-01,1.622166708978815541e-01,1.943092220285396188e-01,1.149279804335805732e-01,9.365985411014712825e-02,7.404994108994555901e-02,1.479198834156320030e-01,1.896467129676273067e-01,1.928049010835373167e-01,1.594255687778412256e-01,2.653424660433734705e-01,3.260659313730672748e-01,2.931116106441247204e-01,1.106210013491504551e-01,2.272016863705035861e-01,1.015630917530306043e-01,2.889562026276764617e-01,2.225695973936803185e-01,2.950570236943528268e-01,2.036667170136607086e-01,3.483882331307897595e-01
1.290332837993669046e-01,4.664902115440204833e-01,4.321601068305733762e-01,1.500000000000000000e+00,4.132803879636853250e-01,4.048739955594748974e-01,3.112440313787708246e-01,8.941557389944015943e-02,1.459027943272666328e-01,4.726544050750604575e-01,5.180881887428252508e-01,1.903261780625687405e-01,1.011953802824946402e-01,4.708468584277126223e-01,2.292582575710235826e-01,4.392024076324764770e-01,4.357186507276527010e-01,3.939839198411369536e-01,2.986490828814734599e-01,3.480346098512979713e-01,2.550790420130906178e-01,2.630128118254911884e-01,2.906902723037890768e-01,2.467093174163020597e-01,2.566928238103112214e-01,1.890281191637756542e-01,1.943420137401323244e-01,2.862127055065948333e-01,1.925479504828924160e-01,2.878325367769939414e-01,2.985138507633859906e-01,2.940784811021553147e-02,9.902785452909600161e-02,1.372297856724019605e-01,1.898567968923384475e-01,3.030772118978018459e-01,1.811643278128921564e-01,3.617348837954697527e-01,8.402331884412864160e-02,2.064908763477674714e-01,3.111361170689015410e-01,3.077467718168486188e-01,1.510995469601083552e-01,3.458064718846352026e-01,6.032042020841679036e-02,1.413759689355760241e-01,1.332508538754887673e-01,2.799042987493131629e-01,2.452265307631382452e-01,7.836859135093728057e-02,3.418827524574465371e-01,1.370497283136899447e-01,1.007656860475995841e-01,3.150500748401720563e-01,2.698538397959285851e-01,1.968178842517350480e-01,1.753993252588019192e-01,2.188489430090174159e-01,1.837002025740429312e-01,1.723991508119317173e-01,1.773089515771401892e-01,1.703393259362641077e-01,2.900284122588454583e-01,1.424385670231491652e-01,2.904151496322010528e-01,9.622426131653807890e-02,2.494679052681754161e-01,3.426545036043107673e-01
4.227802351392275226e-01,1.910029284875416622e-01,4.429066226963133124e-01,4.132803879636853250e-01,1.500000000000000000e+00,4.873827241500802154e-01,3.058719782704228951e-01,5.338704660878239999e-02,2.538624175970282115e-01,3.858619301411141400e-01,5.633416835258537869e-01,1.273421112547591105e-01,3.586595562627779010e-01,5.504186385734994857e-01,4.021879290068461898e-01,4.262661758016393909e-01,1.987744605998089109e-01,3.887280167371042761e-01,3.337667446135131888e-01,4.363489297068767758e-01,3.406130903540993127e-01,3.497963774251069413e-01,1.921379911037122412e-01,1.621890366130877281e-01,2.157525413665879743e-01,2.906803649757035979e-01,1.658216855891287422e-01,1.394982711146970644e-01,2.250573357950354514e-01,2.400524410676497800e-01,1.516561876130516073e-01,1.766681242401244856e-01,2.715658525038150417e-01,2.366982173561105740e-01,2.023148842444989493e-01,2.101300972062587480e-01,2.657145992967602233e-01,2.468548407872584727e-01,2.153104063794287759e-01,9.456553743977168247e-02,1.206139195836868072e-01,1.356710841734581341e-01,2.101093568082397500e-01,2.008250107228168324e-01,3.682409073943778699e-01,2.502750346766959288e-01,9.803733708842146677e-02,5.036172077693064353e-02,3.711906401944966571e-01,2.503228279058021810e-01,2.116250577994138737e-01,2.546381257299211165e-01,3.461025227961347928e-02,1.604813929150833984e-01,1.838734613017642960e-01,2.817781756320332232e-01,3.000917948305782401e-01,1.412052297256390365e-01,2.394025903903108654e-01,2.540337707598208095e-01,1.725880774196484613e-01,2.753321253409806713e-01,2.345936245403464626e-01,1.459477102024064332e-01,2.287065462913014380e-01,2.959317879848074595e-01,2.413039713181154289e-01,2.444711398519420487e-01
3.947640841971948311e-01,2.654174854538077222e-01,1.208636931526171077e-01,4.048739955594748974e-01,4.873827241500802154e-01,1.500000000000000000e+00,2.052664865873213840e-01,2.028567569911710056e-01,7.419113642376462536e-02,5.541405808263510924e-01,2.951688792561406594e-01,3.018025399559601252e-01,3.132713020576223251e-01,2.939735963935029006e-01,2.937839544704594075e-01,3.103006506623888217e-01,3.504853767446221013e-01,2.374023864575183218e-01,5.187539275220167667e-01,4.146651582956287774e-01,3.808922089851915493e-01,1.728415986180566466e-01,2.333859376297076627e-01,2.712420453985702751e-01,2.070574356301588814e-01,9.532842434492119765e-02,1.865702971117201014e-01,1.544008640974138813e-01,1.869303644712571599e-01,1.254131552699522811e-01,8.916761602791126173e-02,2.203774978895745862e-01,2.656055598179614119e-01,1.515384698155617660e-01,2.737409397680992118e-01,7.873009841432282441e-02,1.007341006301440550e-01,1.327945055505012906e-01,2.226833081571728823e-01,1.645136605566094867e-01,9.847503198865648066e-02,1.513287188817810935e-01,3.165506510623120606e-01,1.227074500902932408e-01,2.258908454210775685e-01,3.875526216585770678e-01,2.356398515225217316e-01,9.068314068447477783e-02,1.627297047752556680e-01,3.171476372105010988e-01,2.335320316471045654e-01,1.350037648520474032e-01,2.843938122949133951e-01,2.089191841844759145e-01,5.332441766890712309e-02,1.503170797251781043e-01,3.258389463985448264e-01,2.001513709373137218e-01,2.032740007170812102e-01,2.960229631817424822e-01,2.115926109605774097e-01,1.031668759804691138e-01,3.495798545307886585e-01,1.430906530427911993e-01,1.677416997588956349e-01,1.931031669980047272e-01,2.091975718345099600e-01,2.155974343629091516e-01
2.720179446397020251e-01,1.514422757426367172e-01,2.350440993748401930e-01,3.112440313787708246e-01,3.058719782704228951e-01,2.052664865873213840e-01,1.500000000000000000e+00,2.208248937803593270e-01,4.744797896940087800e-01,3.214459588401527568e-01,2.614158593437137523e-01,1.643922422228497604e-01,2.067863648265349796e-01,5.420066810902675059e-01,2.524830842015917121e-01,2.989107494777170637e-01,2.231181307177758644e-01,1.732635063551544174e-01,1.641845016159443893e-01,3.016816597603996231e-01,3.061474895474740610e-01,3.705108144089400701e-01,1.233934629589701903e-01,2.312177391341977417e-01,2.394580200510559864e-01,3.461821898020207011e-01,1.872640301939713092e-01,1.310749033663446417e-01,1.678364651498182869e-01,8.275009798290589025e-02,3.354815439858300774e-01,1.475739896049712563e-01,2.908881478298758205e-01,3.333619053007200184e-01,1.053796300541931241e-01,2.736711972691777128e-01,2.976102262159748268e-01,1.183637924513916417e-01,1.167658844980898197e-01,1.549893586615525842e-01,7.123506163948511993e-02,2.254334878659524644e-01,1.497080997167169469e-01,1.152378851626554568e-01,2.024488892620076586e-01,1.233957385848580002e-01,8.857168659311698278e-02,1.711596020334540391e-01,2.894233652523242606e-01,1.663112810035974332e-01,6.231830442953217863e-02,2.098640665003085048e-01,2.185126733714911618e-01,1.699073527672721462e-01,2.456366569943990164e-01,1.168319884104967177e-01,8.390099487089544561e-02,7.272751171419125638e-02,2.788720891335829677e-01,1.327163331447836214e-01,6.555102712826257894e-02,2.429549081386133125e-01,2.475544036464423225e-01,2.197188352250069587e-01,2.738999232785507831e-01,1.811222870781413752e-01,2.176555249706451645e-01,1.701996477799437579e-01
2.860145827237964289e-01,4.159551838250916678e-01,3.300060511998874624e-01,8.941557389944015943e-02,5.338704660878239999e-02,2.028567569911710056e-01,2.208248937803593270e-01,1.500000000000000000e+00,1.933977822813411906e-01,1.746269472691545921e-01,3.743873066434213470e-01,2.996996656022222760e-01,2.808359294144140983e-01,3.575946211750679060e-01,2.082365158140704331e-01,4.700140991501308152e-01,3.335487281198632470e-01,1.452378555752439904e-01,3.022220138757031882e-01,2.746386049976542454e-01,4.695526774287575034e-01,1.086459484696485067e-01,1.689297221039653407e-01,9.073162267016235405e-02,2.390788102401804616e-01,1.851788247582148994e-01,2.286437960379656409e-01,2.326989937749812387e-01,2.126353368632289409e-01,2.418581558420605793e-01,3.433966144375035778e-01,3.233004943401287523e-01,7.139585485693389355e-02,2.723796325938220297e-01,1.787589327553842644e-01,2.336389571055130232e-01,2.739328130326623700e-01,2.335884270877591762e-01,1.980852569295272203e-01,2.310255411697265115e-01,1.105277431877091099e-01,3.065114795616464272e-01,1.192166101425159302e-01,1.587937839207919921e-01,2.974721877687418470e-01,1.496922091089999962e-01,2.756686572277509684e-01,7.238167393899747060e-02,3.744327186274154506e-01,2.697564691489022226e-01,1.365171745288021321e-01,3.133774360064718323e-01,2.866525681051530494e-01,1.871790934958963148e-01,1.217317525161307756e-01,2.107817174258614923e-01,1.763939011252084188e-01,1.349353098378718863e-01,1.029481735747581339e-01,2.094702387111325170e-01,3.420470525019716351e-02,2.236544548630579332e-01,1.200807279044840692e-01,2.413531168424877804e-01,1.770433907614913649e-01,2.118340743407205462e-01,1.125790114241862483e-01,1.893321872950750051e-01
2.390866058107298242e-01,1.008462836112364869e-01,3.856767430844101341e-01,1.459027943272666328e-01,2.538624175970282115e-01,7.419113642376462536e-02,4.744797896940087800e-01,1.933977822813411906e-01,1.500000000000000000e+00,3.806636458687555069e-01,2.958096628562572050e-01,3.969283337713899185e-01,4.562903932148971164e-01,5.392663660764772660e-01,2.542475719877776985e-01,1.635306136418662737e-01,4.127416372803795475e-01,2.864828783274493973e-01,4.065919831803662121e-01,3.599248360545178604e-01,1.544617565123523606e-01,4.643746752900589359e-01,2.272590210622903728e-01,1.702725009170034665e-01,2.209868728315558806e-01,3.190807980278774769e-01,6.994749047925745422e-02,2.928500642136767085e-01,2.114440489673193313e-01,3.050140271921765178e-01,3.343522457412782117e-02,3.390972976804585981e-01,2.044322448855980801e-01,1.882480098801729285e-01,1.446497025070552500e-01,1.916123204767493371e-01,3.175106115853718602e-01,2.553643525373205936e-01,1.705708406836400348e-01,2.574830135618731003e-02,2.673918123749369213e-01,2.777831272487119585e-01,2.950450094203992957e-01,1.693203281750834885e-02,1.975417411606094076e-01,3.034979755147289016e-01,2.092518652292483239e-01,1.779026517293075260e-01,8.578142163004630338e-02,1.262115923383957117e-01,4.840230768026909658e-02,2.873146987248968998e-01,7.645458380812616972e-02,2.067476553692485230e-01,2.892441832478157560e-01,2.662667542901905882e-01,8.647269808892002474e-02,9.155305119103786249e-02,2.046383941666488349e-01,2.280796112835795364e-01,2.275219651131526188e-01,2.462180570209308583e-01,1.086081833210328640e-01,1.089814673297471725e-01,1.301176128039269742e-01,3.140482741205889994e-01,4.031872857215038075e-02,5.416767835547631194e-02
2.896337722036955165e-01,3.737996941979503385e-01,3.179374996192506631e-01,4.726544050750604575e-01,3.858619301411141400e-01,5.541405808263510924e-01,3.214459588401527568e-01,1.746269472691545921e-01,3.806636458687555069e-01,1.500000000000000000e+00,5.194909479002985941e-01,5.506030684197932290e-01,4.326804950758966206e-01,4.636679781593141536e-01,4.104323625160427591e-01,1.288265667000627335e-01,2.951775051508261360e-01,3.860570291125577924e-01,2.792620012614592806e-01,2.045444267129807869e-01,1.856549770546537803e-01,3.431204000685574851e-01,2.757148760359535711e-01,3.102905390762070170e-01,3.787203464114297091e-01,3.708384497379001443e-01,3.525494073095665482e-02,1.902909346739935503e-01,1.181731239722665361e-01,2.754151117006261584e-01,3.528743941810630336e-01,7.486685529652355175e-02,2.150724419822512001e-01,2.469350638975318923e-01,2.301409552274110704e-01,4.268234022700374830e-02,1.877406181686632480e-01,3.028722495055613528e-02,3.113226981596954879e-01,2.509478505170955609e-01,3.158207215367350162e-01,1.903585212857400455e-01,2.850403697372014961e-02,3.752828924040630953e-01,1.474527629403935280e-01,2.105147656422036162e-01,2.028930797247971707e-01,1.584802326701731101e-01,1.018983281363890769e-01,1.431118593690175467e-01,2.865532259200596621e-01,9.978142660536899744e-02,2.730753364985776810e-01,1.720737359471113948e-01,1.262399794762504301e-01,2.702463664264285192e-01,1.595793958006193336e-01,1.683954733737798859e-01,2.132252172553663339e-01,1.929364811015205627e-01,1.865636486563711505e-01,1.856619879369995896e-01,1.012584935109626938e-01,1.572718675084639195e-01,2.828982241181763890e-01,3.315145018093584861e-01,1.641041973763349704e-01,3.858800748171933304e-01
2.897258881278111931e-01,4.261413619246305351e-01,2.683446245274914155e-01,5.180881887428252508e-01,5.633416835258537869e-01,2.951688792561406594e-01,2.614158593437137523e-01,3.743873066434213470e-01,2.958096628562572050e-01,5.194909479002985941e-01,1.500000000000000000e+00,1.270989904804014914e-01,9.575681123991386379e-02,4.080989366475662461e-01,1.753822967153161050e-01,3.288989232353483061e-01,5.766411013448188294e-01,3.069695975199376869e-01,4.175252821811767934e-01,8.240242643815198775e-02,5.369855643469462203e-01,2.782593420117152605e-01,2.934616013426410985e-01,1.217419239031007905e-01,2.190860712185515313e-01,2.408261361786055710e-01,3.089543803101432173e-01,1.909885680872407399e-01,1.832027679758131689e-01,1.990665175695689182e-01,2.157990755919301229e-01,2.987630894687378635e-01,7.110978476878410115e-02,2.029211012533536085e-01,2.018402684204751441e-01,2.505589288273738502e-01,1.849151226400988779e-01,2.253646676228161505e-01,1.782762042751075415e-01,2.490356881132003708e-01,2.177167270124063247e-01,1.829049469509923809e-01,1.085621508240082050e-01,1.882205017999424301e-01,3.032477317639236114e-01,2.486134157438376069e-01,2.769887791034306157e-01,8.532798805313368540e-02,1.958301225612601448e-01,8.953675136438839222e-02,2.681237806725933481e-01,3.902979228533920431e-02,1.717683867820757604e-01,2.344668719633279108e-01,3.111419805614454859e-01,2.241759909377780413e-01,2.285852800753913061e-01,1.938755551855087245e-01,2.256823134239562267e-01,2.461068240082112113e-01,1.262146255481748358e-01,2.845552655694431055e-01,2.114172534152071736e-01,2.220020268462230273e-01,9.687183911196504960e-02,1.476280953109432303e-01,1.054069613445694359e-01,9.365897310745448234e-02
3.303343058680886513e-01,4.094669359411382548e-01,2.843254469733871304e-01,1.903261780625687405e-01,1.273421112547591105e-01,3.018025399559601252e-01,1.643922422228497604e-01,2.996996656022222760e-01,3.969283337713899185e-01,5.506030684197932290e-01,1.270989904804014914e-01,1.500000000000000000e+00,2.642009774556571267e-01,2.929758470034704576e-01,3.253344688331517021e-01,1.514813468047421230e-01,3.838412530195837169e-01,8.326463332926681282e-02,2.460041578727116263e-01,2.217743266424667126e-01,1.053308372586840569e-01,1.423414634284977109e-01,1.799577580586802505e-01,1.550436549411605691e-01,1.015262491955280788e-01,2.465678893804539029e-01,1.245422841432475003e-01,2.120001884163626449e-01,1.209149871201279230e-01,2.475629065569926734e-01,1.975449062981086135e-01,1.818931804495592941e-01,2.955839641184656030e-01,2.090610125692438648e-01,3.073852166819531773e-01,2.789534172432237558e-01,2.627559357302753362e-01,8.843408031494848220e-02,1.732292432511144675e-01,2.499442447655885191e-01,1.525799458947566800e-01,1.447273887549956062e-01,1.620625651378703735e-01,2.762301260075613052e-01,2.428279997227278109e-01,9.459627925345266697e-02,2.148884801664525390e-01,1.128592986510741636e-01,1.164055243219538210e-01,3.075333846320670306e-01,1.199142999505661000e-01,1.958051257479511142e-01,2.870767711080473017e-01,1.734124265486339522e-01,1.460190226450185369e-01,9.684367500279039698e-02,8.874810654170961488e-02,2.289188077027367874e-01,3.085579804723791453e-01,1.709856494162133589e-01,2.232129653144384052e-01,1.734671993078667207e-01,1.936655905959690782e-01,2.052370528453811571e-01,1.872221879392312327e-01,2.028575429533457097e-01,1.997619312671187752e-01,5.184623428491555441e-02
3.556437965919174715e-01,1.249300146807835604e-01,3.041574886563692265e-02,1.011953802824946402e-01,3.586595562627779010e-01,3.132713020576223251e-01,2.067863648265349796e-01,2.808359294144140983e-01,4.562903932148971164e-01,4.326804950758966206e-01,9.575681123991386379e-02,2.642009774556571267e-01,1.500000000000000000e+00,1.016144329771298538e-01,5.370750390782224049e-01,3.854361063975260127e-01,2.198872064279023264e-01,3.735611240812771738e-01,1.634349828754693423e-01,3.381905333644973366e-01,4.611710584584477468e-01,3.395581269294278837e-01,2.802755802893055481e-01,2.438844653961167452e-01,1.661871197227675068e-01,3.548172111246160054e-01,2.145448139024398460e-01,8.168522666321831327e-02,2.507489635897913738e-01,1.902012752923195049e-01,1.864649265577678627e-01,2.417549670075810342e-01,1.680466419251945565e-01,3.759358801079991652e-01,1.492509905159945527e-01,9.443306780189950067e-02,2.179525926576620365e-01,1.458529716065277704e-01,9.210713285646060511e-02,2.459716721698331221e-01,1.187660659871570684e-01,7.198626633035516698e-02,1.898409220623004656e-01,1.912334018006473790e-01,1.873187565412165467e-01,2.987250839050699103e-01,2.366783438905399606e-01,3.388554221460330362e-01,2.217209498241338173e-01,1.897514658992862091e-01,1.141035796242794997e-01,3.028520155755565213e-01,3.174561928575980740e-01,1.768551186215633897e-01,6.876901311393257554e-02,9.200573872082831728e-02,1.416281348343297886e-01,1.920042265888605437e-01,2.315041482306234855e-01,2.275171320356002558e-01,2.938733905332990837e-01,2.926766874836511656e-01,2.149733569414114254e-01,2.181641205170080644e-01,2.345484637818258666e-01,7.078040585494188575e-02,1.210166746109957031e-01,3.195171094626935715e-01
1.769000497713840991e-01,2.444646386737274191e-01,4.311827495060123749e-01,4.708468584277126223e-01,5.504186385734994857e-01,2.939735963935029006e-01,5.420066810902675059e-01,3.575946211750679060e-01,5.392663660764772660e-01,4.636679781593141536e-01,4.080989366475662461e-01,2.929758470034704576e-01,1.016144329771298538e-01,1.500000000000000000e+00,4.180359608354593526e-01,1.544054951538076093e-01,4.414633257513089215e-01,3.699955900014018639e-01,4.726986864603772709e-01,3.505521993626239952e-01,2.538300533301330320e-01,1.277228797985546782e-01,3.558240543647849807e-01,2.322445130386508738e-01,2.254178337689899392e-01,2.779091657359212819e-01,1.562148126809335402e-01,1.295236638950912622e-01,2.917147878507448944e-01,3.623804073113870983e-01,1.831915863875897277e-01,2.014145934848122488e-01,1.843002426269694238e-01,1.433472531472339551e-01,1.002628525964198991e-01,1.635488570281768972e-01,1.467699955937114553e-01,2.051316048555721638e-01,1.503189914926985615e-01,2.623973609658741268e-01,2.282539797034801032e-01,2.270551383384981081e-01,7.165003668142869153e-02,3.032314303651991727e-01,2.943419385483723172e-01,1.952412436881900415e-01,1.213478074509980742e-01,2.143832010503505803e-01,2.871901779313166259e-01,4.748777335800823118e-02,3.106576426148092152e-01,1.917467283360197450e-01,1.960806420746336598e-01,2.911230200091816656e-01,1.700250324469301799e-01,2.019094290562380711e-01,2.765854653910294614e-01,3.083194468461092352e-01,2.052615293454991274e-01,2.259080240728268962e-01,1.916888658364493958e-01,2.072062998441971671e-01,2.292900929623218342e-01,1.157855656777977693e-01,6.225173306006570595e-02,1.854172626578577399e-01,4.535704623219916076e-02,3.207940925411523203e-02
3.790332127752226166e-01,1.323072897347795651e-01,1.585948454624240556e-01,2.292582575710235826e-01,4.021879290068461898e-01,2.937839544704594075e-01,2.524830842015917121e-01,2.082365158140704331e-01,2.542475719877776985e-01,4.104323625160427591e-01,1.753822967153161050e-01,3.253344688331517021e-01,5.370750390782224049e-01,4.180359608354593526e-01,1.500000000000000000e+00,1.910386853934351037e-01,3.239841157427580387e-01,2.142772490214681080e-01,3.232003572519658308e-01,4.451557291629724133e-01,3.508117230208338544e-01,2.806641242268594350e-01,3.546634781468871456e-01,2.745762096272688635e-01,3.528440579077919415e-01,1.621675522811077685e-01,3.291239384830053627e-01,2.174442144141481847e-01,3.224317895011680757e-01,1.903271362192526239e-01,3.090931178217283248e-01,1.261130838795355424e-01,3.281862648965535589e-01,2.696907711254263873e-01,1.458217690371316766e-01,1.907037615964496113e-01,2.314189263406060681e-01,1.229157411107477949e-01,2.023726624246547090e-01,2.388098620930823590e-01,1.903702238226397392e-01,3.208981656712883712e-01,2.417732346700183221e-01,1.971730217870521495e-01,3.019248391935248632e-01,7.997201824549378391e-02,8.470010590246576654e-02,7.568045670014052206e-02,2.703616116926506052e-01,1.277375475639336011e-01,3.303521680366886537e-01,2.142776937858007491e-01,2.189609389473207157e-01,1.962288358323868720e-01,1.795293134398020241e-01,2.794783387719154688e-01,1.170979464208479481e-01,2.396152624902934680e-01,1.107375970709683632e-01,2.896911258293535241e-01,8.774023522656662633e-02,1.687116213448573154e-01,1.960512354754215814e-01,2.686049085792204805e-01,2.225550735530115176e-01,3.032148975237093369e-01,1.708408757299624270e-01,1.425743598111423038e-01
2.774754396392456468e-01,2.495096795812627721e-01,4.632161094669462464e-01,4.392024076324764770e-01,4.262661758016393909e-01,3.103006506623888217e-01,2.989107494777170637e-01,4.700140991501308152e-01,1.635306136418662737e-01,1.288265667000627335e-01,3.288989232353483061e-01,1.514813468047421230e-01,3.854361063975260127e-01,1.544054951538076093e-01,1.910386853934351037e-01,1.500000000000000000e+00,5.123838396578217491e-01,4.677457496319257779e-01,1.805223821325042943e-01,4.720800448630649848e-01,2.806736554528307948e-01,8.312461897877193584e-02,2.413040923437964613e-01,2.996056469646299347e-01,4.814200820811856407e-02,2.603262838838612536e-01,1.292230943171290836e-01,3.094413097765897902e-01,1.710831748071843239e-01,2.573277195454273247e-01,1.327736504968381470e-01,1.313391587808172278e-01,2.155747553326863297e-01,1.648252184421113986e-01,2.433776008238148769e-01,1.391298466699504022e-01,4.204237914432432111e-02,1.965468519104081047e-01,2.485280024091943152e-01,2.588774539620076753e-01,3.017474520974156582e-01,1.472469693084337838e-01,2.002581734982984141e-01,1.191672407598303868e-01,1.442639871390991591e-01,2.524583170211797123e-01,1.463286427919459898e-01,9.584733449013818629e-02,2.619473423246756472e-01,2.209350819793223786e-01,2.466956184607277947e-01,1.590313714093530562e-01,2.552588748024156029e-01,3.519111148766344010e-01,2.767475670451391423e-01,9.746445449487757540e-02,1.903765609037013917e-01,1.703604469738735083e-01,2.950824137408920023e-01,1.757556908835162524e-01,1.008342184214595511e-01,8.141351060330402623e-02,3.308897957076919472e-01,1.978042263554440905e-01,6.430830385515365344e-02,1.772387192004941658e-01,1.828885865458478310e-01,6.497012478313393680e-02
3.698511197633951864e-01,3.396152497890687072e-01,2.043767160004011652e-01,4.357186507276527010e-01,1.987744605998089109e-01,3.504853767446221013e-01,2.231181307177758644e-01,3.335487281198632470e-01,4.127416372803795475e-01,2.951775051508261360e-01,5.766411013448188294e-01,3.838412530195837169e-01,2.198872064279023264e-01,4.414633257513089215e-01,3.239841157427580387e-01,5.123838396578217491e-01,1.500000000000000000e+00,4.125445984674397937e-01,3.509279618208105966e-01,4.741450635952695891e-01,2.922842209074501540e-01,2.261619276272339718e-01,2.386595370065990596e-01,7.399787374411953556e-02,2.552208272072089765e-02,3.546443589271435215e-01,2.693868853367237248e-01,2.344389169328956191e-01,8.334853141933924736e-02,1.954874614029472601e-01,1.604252090807936071e-01,2.534318064945901838e-01,3.082242742622059994e-01,3.079756914350307295e-01,2.348186963619019740e-01,1.482693768231587994e-01,3.290977720918678573e-01,2.422580677535242644e-01,2.505426089462822747e-01,1.409183440844243851e-01,2.765082413317200283e-01,1.770134732770267671e-01,2.558107485827572636e-01,2.416896634582274550e-01,2.419885442119153462e-01,2.725984110826183970e-01,2.185815634593002432e-01,2.785629868982721913e-01,2.412349818559803294e-01,2.810170733449114389e-01,8.170948243945408418e-02,6.077666469417371264e-02,3.883169600083382633e-01,2.687552408408709903e-01,2.381596446689472901e-01,1.734919564868871444e-01,2.191700123947215029e-01,2.687018830232313915e-01,1.198014492607494541e-01,3.235253841760402094e-01,2.872322317139421322e-01,3.098751457600346093e-01,1.475110093296760350e-01,3.319072053203323547e-01,3.385649026248715998e-01,9.758109119420263489e-02,2.027168907853610091e-01,2.455675605434826936e-01
3.210058878676141370e-01,1.928279466699445721e-01,3.797981509935286493e-01,3.939839198411369536e-01,3.887280167371042761e-01,2.374023864575183218e-01,1.732635063551544174e-01,1.452378555752439904e-01,2.864828783274493973e-01,3.860570291125577924e-01,3.069695975199376869e-01,8.326463332926681282e-02,3.735611240812771738e-01,3.699955900014018639e-01,2.142772490214681080e-01,4.677457496319257779e-01,4.125445984674397937e-01,1.500000000000000000e+00,2.918438151946977643e-01,4.964448378926723526e-01,1.803033161213904167e-01,1.811721729000170811e-02,2.489870923808096825e-01,1.221770681870698178e-01,1.791359307736067885e-01,2.258464738202378419e-01,1.286367937055082067e-01,3.335378988847218507e-01,3.762985629143480448e-01,2.083377290217357791e-01,3.300010627650393769e-01,6.722060043460993672e-02,9.652071965178002366e-02,2.009925059715977069e-01,2.863299770745559858e-01,1.586003321377622843e-01,2.518919013140276109e-01,1.255318646514366476e-01,6.505994016119379109e-02,2.195692460165223903e-01,2.626636454820721264e-02,4.565874847111848350e-02,2.113152400006545473e-01,2.250346607631205365e-01,2.235709759992559886e-01,2.538503963727715140e-01,1.440577829608652438e-01,8.773912508568426638e-02,1.468268511967237566e-01,2.062459596565812403e-01,1.169341820393969694e-01,2.271333497478033037e-01,2.349453306553323240e-01,1.132289253907665383e-01,1.168475673181882668e-01,1.796441071852675764e-01,1.651450841097492628e-01,1.384305862477974158e-01,1.815852347920250687e-02,2.381257556897734273e-01,6.113196959454665624e-02,8.525532889237522061e-02,2.556347200315964296e-01,2.006798199996569498e-01,2.365101713333959688e-01,1.621894404506096510e-01,2.103820924442241780e-01,2.820193658316118568e-01
3.106492395478480661e-01,3.505363204865996618e-01,3.850162179130504070e-01,2.986490828814734599e-01,3.337667446135131888e-01,5.187539275220167667e-01,1.641845016159443893e-01,3.022220138757031882e-01,4.065919831803662121e-01,2.792620012614592806e-01,4.175252821811767934e-01,2.460041578727116263e-01,1.634349828754693423e-01,4.726986864603772709e-01,3.232003572519658308e-01,1.805223821325042943e-01,3.509279618208105966e-01,2.918438151946977643e-01,1.500000000000000000e+00,1.547439738662955144e-01,6.002641505914795006e-02,2.275473220065725721e-01,9.939531279002454534e-02,1.879711641689909007e-01,2.696609976843518108e-01,2.507784717198389135e-01,1.381410198155282598e-01,3.740609876241438730e-02,3.279639705053967735e-01,6.069012675893188657e-02,1.018792889026051834e-01,2.481270576781246240e-01,9.893837663779544989e-02,3.212416903658667500e-01,3.653572548580535373e-01,2.197495832651706615e-01,3.639442114977666787e-01,2.273895708446003472e-01,1.955378556197614470e-01,2.908853006820609766e-01,7.288436387735293398e-02,1.628036092662674406e-01,4.500439463451888500e-02,1.383292777108718341e-01,9.378743019546029180e-02,2.818352062030314298e-01,3.379355428069931722e-01,8.126551434663166484e-02,1.516309144035387635e-01,1.214934442346998211e-01,1.723534787174213490e-01,2.857885758280596100e-01,2.169359191074675952e-01,3.617088503881534800e-01,1.375528354871888848e-01,3.016850619546618262e-01,2.931143963862231638e-01,1.483350283088672728e-01,1.639527255930318395e-01,1.731182315981471542e-01,2.517808911961444962e-01,1.470739546776380358e-01,3.411116044719127438e-01,1.045581293973444625e-01,8.913346906808110315e-02,1.224422624526527170e-01,1.990604800508478378e-01,1.122572671282290879e-01
3.919708477352257803e-01,2.968470521937732753e-01,4.554704599322079162e-01,3.480346098512979713e-01,4.363489297068767758e-01,4.146651582956287774e-01,3.016816597603996231e-01,2.746386049976542454e-01,3.599248360545178604e-01,2.045444267129807869e-01,8.240242643815198775e-02,2.217743266424667126e-01,3.381905333644973366e-01,3.505521993626239952e-01,4.451557291629724133e-01,4.720800448630649848e-01,4.741450635952695891e-01,4.964448378926723526e-01,1.547439738662955144e-01,1.500000000000000000e+00,3.454719094613069030e-01,1.982793066993568942e-01,2.624779281563346389e-01,1.310587271416241151e-01,2.160700871202064222e-01,2.186611830667143375e-01,3.414743897159180364e-01,1.245614342676075736e-01,2.718009341654187838e-01,1.447840066202521481e-01,2.908889809190441378e-01,1.958109640624613179e-01,9.283321740401700994e-02,3.313350910969729002e-01,1.485132020765343175e-01,1.356971650444523392e-01,2.444854692505591398e-01,2.150713248343641693e-01,1.166428687480794424e-01,2.393297469526039223e-01,1.280392304025310124e-01,4.479918413065829552e-02,1.850661342654103814e-01,1.092235542572606299e-01,1.801678824130257400e-02,2.956289619408925540e-01,1.875359497197600089e-01,1.465264421799656325e-01,1.627285664299449597e-01,2.367828079982805811e-01,1.135680758811025148e-01,3.120371615492514294e-01,1.533895486283360365e-01,1.908610513826830002e-01,7.488251112539515142e-02,8.884151210553895006e-02,3.045789999733066189e-01,9.671067976676249456e-02,9.397534516239572366e-02,1.505366939507796209e-01,3.342397019684038573e-01,9.833927200207177866e-02,2.438404017058490303e-01,2.102664009636107112e-01,8.835747379742635299e-02,2.159366583966665365e-01,9.684962020258978954e-02,1.717544679558474230e-01
2.490622262748307669e-01,2.960798644679045744e-01,1.069907205873098510e-01,2.550790420130906178e-01,3.406130903540993127e-01,3.808922089851915493e-01,3.061474895474740610e-01,4.695526774287575034e-01,1.544617565123523606e-01,1.856549770546537803e-01,5.369855643469462203e-01,1.053308372586840569e-01,4.611710584584477468e-01,2.538300533301330320e-01,3.508117230208338544e-01,2.806736554528307948e-01,2.922842209074501540e-01,1.803033161213904167e-01,6.002641505914795006e-02,3.454719094613069030e-01,1.500000000000000000e+00,2.516403026364478768e-01,1.462040464283521635e-01,1.279292842790853979e-01,1.534400592893375992e-01,2.830631833855690171e-01,2.754224338785429826e-01,2.505655441286085972e-01,2.217795544454274070e-01,3.126215657209772125e-01,7.976916712283357858e-02,2.952409588118220518e-01,2.538131452844064606e-01,1.931155368704821629e-01,1.906802812172513351e-01,3.710495963919251405e-01,3.038952541687487408e-01,2.064953258398704861e-01,2.580442847235121517e-01,2.952330978316288213e-01,1.802640310073779228e-01,3.060080813577631398e-01,9.857484590519416390e-02,3.078973072236178554e-01,2.509608450555604886e-01,1.863724760799584657e-01,3.553469347723413607e-01,1.945360632810279045e-01,1.252927828104478114e-01,2.641928249805929885e-01,1.035916120712901539e-01,1.620395272391179642e-01,2.327141461144138501e-01,2.783692016690904603e-01,2.377861264070537384e-01,1.345829992790154583e-01,1.751750702831874340e-01,1.618596060271624837e-01,2.594660611504255865e-01,1.861350807963472742e-01,4.343015345403836158e-02,3.061594738782077441e-01,1.931225813962109683e-01,1.696535241368207769e-01,2.718097934671636073e-01,2.183314004777400508e-01,1.254867008170522658e-01,2.180952820204690723e-01
2.984617082490083062e-01,3.192004073679237663e-01,3.425435389027866040e-01,2.630128118254911884e-01,3.497963774251069413e-01,1.728415986180566466e-01,3.705108144089400701e-01,1.086459484696485067e-01,4.643746752900589359e-01,3.431204000685574851e-01,2.782593420117152605e-01,1.423414634284977109e-01,3.395581269294278837e-01,1.277228797985546782e-01,2.806641242268594350e-01,8.312461897877193584e-02,2.261619276272339718e-01,1.811721729000170811e-02,2.275473220065725721e-01,1.982793066993568942e-01,2.516403026364478768e-01,1.500000000000000000e+00,1.624226015069142326e-01,2.438996402941437935e-01,1.930344371496409694e-01,8.427644605704051606e-02,4.566439802181834762e-02,1.090608287798037479e-01,1.745074208357757506e-01,2.904798486005371050e-01,2.532996238737240113e-01,1.430345079504054262e-01,2.252449198844500011e-01,1.079769908934525707e-01,2.377896868681451115e-01,1.782793016254769769e-01,6.214881461537574009e-02,2.705251203394049009e-01,7.617645380762336216e-02,2.495931170265567045e-01,1.732522718296525266e-01,7.566371580156444621e-02,2.937451621282847758e-01,1.838198624562442374e-01,2.476479841130040660e-01,1.075887926651102888e-01,3.212117744925215845e-01,1.699398866375535777e-01,1.719890070096783963e-01,6.846898855640724812e-02,1.623473013602147463e-01,2.091557782091649498e-01,2.032668181858124923e-01,2.288970624334021875e-01,1.703467801617954136e-01,1.413954145984261945e-01,1.985958734628338884e-01,2.502536261514263782e-01,2.512843351191532681e-01,2.372351935721128680e-01,1.977768285572329421e-01,1.492035841602900037e-01,1.483197979158038249e-01,5.123195247090531201e-02,1.843197910398135242e-01,1.941621081022962825e-01,2.795159809765226377e-01,2.081092186961831791e-01
1.703754221880756647e-01,1.813103914349926404e-01,3.573416425115056860e-01,2.906902723037890768e-01,1.921379911037122412e-01,2.333859376297076627e-01,1.233934629589701903e-01,1.689297221039653407e-01,2.272590210622903728e-01,2.757148760359535711e-01,2.934616013426410985e-01,1.799577580586802505e-01,2.802755802893055481e-01,3.558240543647849807e-01,3.546634781468871456e-01,2.413040923437964613e-01,2.386595370065990596e-01,2.489870923808096825e-01,9.939531279002454534e-02,2.624779281563346389e-01,1.462040464283521635e-01,1.624226015069142326e-01,1.000000000000000000e+00,2.678311434943793645e-01,2.255377296203325832e-01,1.571610092548973714e-01,5.422979395061011676e-02,1.519400112527465596e-01,2.037420528135385211e-01,2.475906285081871383e-01,2.961549504983532199e-01,2.191896330367006374e-01,1.242774124224874377e-01,2.463630126887519090e-01,3.129983871381530891e-01,1.897923505094721297e-01,3.312023804178710895e-01,1.828697844182460841e-01,1.914401163571940456e-01,3.134627054966470094e-01,1.434875448235111706e-01,2.406709287689788035e-01,2.779258947826092063e-01,3.553707858376008444e-01,1.213482635475993388e-01,2.475779790019639326e-01,1.720753013317224134e-01,7.042122566929050198e-02,2.269216870240264028e-01,2.290965016603021542e-01,1.225441224199140672e-01,1.963158660300929892e-01,1.507397432631215062e-01,2.660655911780935856e-01,1.951141471165426799e-01,1.554141847225534723e-01,1.417085921629901157e-01,8.080175576356060652e-02,1.013165895485848844e-01,6.924483302167941390e-02,1.235810875423950794e-01,1.847429803160967332e-01,2.900757105862273866e-01,1.213292579922464337e-01,2.564611253479117114e-01,1.786542237970608904e-01,3.449298964996973527e-01,2.190063307762402378e-01
