1.500000000000000000e+00,1.059317507063680386e-01,4.360676667631761538e-01,2.431805631108396315e-01,4.178783412238349371e-01,2.759968185721213274e-01,3.133330776687854313e-01,2.164213355247569803e-01,2.756439105020634939e-01,3.920571492914571299e-01,3.641109103218598264e-01,2.729953222251454426e-01,1.441678602435982337e-01,2.613075635453615542e-01,2.877600291584161418e-01,3.356473085625892860e-01,3.513417186022792515e-01,3.947984675457606452e-01,3.103401776981690730e-01,3.723981141346282553e-01,1.778274332649623368e-01,2.578846803424860168e-01,2.155912006012800641e-01,9.556341396439248237e-02,2.316155989086424727e-01,3.606329068833162843e-01,2.882468578545733240e-01,1.543892186007406742e-01,1.178061482795827869e-01,1.358380111089258491e-01,1.599569022620639935e-01,2.544850716307425764e-01,2.394474398275878990e-01,2.460646071866136320e-01,2.717291328539833684e-01,2.059373306999742470e-01,1.806861825374368458e-01,1.254571620491881367e-01,2.366074654442647529e-01,2.231473533507544182e-01,1.772295979014313905e-01,2.022406803541758613e-01,2.393164256936926582e-01,1.150495398595897806e-01,1.844900504804191377e-01,1.227364091754405695e-01,3.425169982971038585e-01,3.895055565731451314e-02,2.511571080719408045e-01,5.901255687446321091e-02,1.908750623164707505e-01,1.305261274700870722e-01,1.445887171459439846e-01,1.885969838731815784e-01,2.897685523564591525e-01,2.892453755982813401e-01,6.062396387062863462e-02,1.650619601743765763e-01,1.147450722055610162e-01,2.045079345319156805e-01,1.161449667124924423e-01,2.968901882478462428e-01,2.163853215871853752e-01,3.223081286910415288e-01,3.828329252420477058e-01,2.082240609702981360e-01,2.740708028664295970e-01,1.349331197111507397e-01
1.059317507063680386e-01,1.500000000000000000e+00,2.438892250554690055e-01,2.254340231875212319e-01,2.734841479892579086e-01,3.551895647820777491e-01,6.631940473299674510e-02,3.288870636679481763e-01,1.294970614224771888e-01,3.054515880120597382e-01,2.278899910488056957e-01,3.701356689111430232e-01,3.485845974009955106e-01,3.880408658040894743e-01,3.962948976658179356e-01,2.283829987529630845e-01,4.461768925849016743e-01,2.616180292067359914e-01,3.760466266172827199e-01,3.549033659051799017e-01,2.722692449566262995e-01,3.918422777167446247e-01,2.853499633680025571e-01,1.820925349217707989e-01,6.641019480454357637e-02,2.382130006024795188e-01,2.565891722045517409e-01,2.175476366502307746e-01,1.800550501839506545e-01,1.609568297876129983e-01,1.009745712797726069e-01,2.412769464198160074e-01,2.939751886685708637e-01,1.372550000272025339e-01,1.252691099017941845e-01,2.600173808299182099e-01,2.310331105991472178e-01,1.218730636125349154e-01,2.483976600307218341e-01,3.566712216738943120e-01,1.155898871033923386e-01,1.413845564936771493e-01,1.208987807053534397e-01,9.824026692845178044e-02,2.346893712983562641e-01,1.581287043684823090e-01,5.480084465917944847e-02,3.310880006746312887e-01,9.095044155162798627e-02,6.513025007046788217e-02,1.208192154949829233e-01,1.701075967370141440e-01,2.930777136079081302e-01,2.596588628244994035e-01,1.836952734593817471e-01,1.448840782554764173e-01,1.254587851078760863e-01,2.421824796126107460e-01,1.254923290428031912e-01,1.345141526967286727e-01,1.457936690578618966e-01,2.247529048576253352e-01,2.303255536388263969e-01,1.739483135387669410e-01,2.818276204780523209e-01,1.045260910120716924e-01,1.520767396823280992e-01,2.834732174265782723e-01
4.360676667631761538e-01,2.438892250554690055e-01,1.500000000000000000e+00,3.225104946366598169e-01,4.831265781435484241e-01,2.422204379515928430e-01,3.046840983424141669e-01,1.300287645843669904e-01,3.884415690803597609e-01,1.934829946814912438e-01,2.748309924092728340e-01,4.892818754722079722e-01,2.329405023519848239e-01,3.451656661179772767e-01,2.375696601465732971e-01,1.937376245582427270e-01,3.937119467702162590e-01,3.696194212240172527e-01,2.545017680988137521e-01,3.705033751457456059e-01,3.857882874903008075e-01,2.712287555810743989e-02,2.244713744398207644e-01,2.582343536686749763e-01,2.804041270071467307e-01,2.995106220856934565e-01,1.813193925715149979e-01,2.388428178262894941e-01,1.941134424184706164e-01,2.108952987616974917e-01,9.426176438325241380e-02,2.080747689552628621e-01,2.114332601571362324e-01,2.846628261059879206e-01,2.304224671011116388e-01,1.970378860932469611e-01,2.842091371082074991e-01,2.226973078486707558e-01,2.078091326451838028e-01,8.446134984350908703e-02,2.594892788036657350e-01,2.694912912024127194e-01,1.825131229202234528e-01,1.176137819649360761e-01,2.454423745388611966e-01,1.949766661269227708e-01,2.910574763395579190e-01,2.287065904282656326e-01,1.897797477763019658e-01,2.071720953502519114e-01,2.765089418463018145e-02,3.661868776865631059e-01,2.947134103530085203e-01,3.287613565225526724e-01,2.000693607606478241e-01,2.548969993508818366e-01,2.685559337359908483e-01,2.530156787200376622e-01,1.173758419165401995e-01,3.277213706834292140e-01,2.302445613399050628e-01,9.168922840324846002e-02,1.433360586529555114e-01,2.886669200453493289e-01,1.350842062206809302e-01,2.200048854847061475e-01,2.098727275480540277e-01,2.692679201234245423e-01
2.431805631108396315e-01,2.254340231875212319e-01,3.225104946366598169e-01,1.500000000000000000e+00,3.155433247253540130e-01,4.514792465810817390e-01,8.397132761523735944e-02,1.628775496032658088e-01,1.846732028764865308e-01,3.349602818642736235e-01,3.834420518883981943e-01,4.260083394387311206e-01,3.981244974982818263e-01,1.328519622950237178e-01,3.400816001222228824e-01,3.575675862360277457e-01,3.725083619458522399e-01,4.102898672440076777e-01,2.163831262617787188e-01,2.930819161563780195e-01,4.751748572494708944e-01,4.546665608111899459e-01,3.082496917496617694e-01,2.884364970727874566e-01,5.597866363470658385e-02,3.617734819610755048e-01,3.037396335891846544e-01,1.124074221522788075e-01,2.630544352943238184e-01,2.822278657628371490e-01,2.098400909611796705e-01,1.993694512637684824e-01,1.942236999369374995e-01,2.256927423790781317e-01,1.618358014103259412e-01,1.578274421974114328e-01,1.662287739492294414e-01,9.167491699276333894e-02,1.928380245171851803e-01,2.408721298062557192e-01,2.822817215016925618e-01,2.467458509762172347e-01,1.141733046598451540e-01,1.076296444814460462e-01,2.104562610309853588e-01,2.537771018563741987e-01,9.844536119554220255e-02,7.044454320800039304e-02,2.549553835059327200e-01,7.591548556397050007e-02,8.733022727365788440e-02,1.730080549067485596e-01,1.304009009985899192e-01,1.826861558486237991e-01,1.576545178251168300e-01,2.852160375910379742e-01,2.317547089590708542e-01,2.699601764032539819e-01,1.085167048861053474e-01,2.763935359944479364e-01,1.885062589493878282e-01,3.178566697403437669e-01,2.197544822149717914e-01,2.531808445855550094e-01,1.685412081661251671e-01,3.494927542281113242e-01,1.115252176647957144e-01,2.118441668550085921e-01
4.178783412238349371e-01,2.734841479892579086e-01,4.831265781435484241e-01,3.155433247253540130e-01,1.500000000000000000e+00,2.745215300925386015e-01,2.520366301011351395e-01,6.522953673114720297e-02,2.600318959749744474e-01,3.576148432012977718e-01,3.833988890774949754e-01,4.758863488904347544e-02,4.443674745249613922e-01,2.285570124913608447e-01,4.795040449169826746e-01,5.248388494802582738e-01,2.159338117368716503e-01,4.189877863222795096e-01,3.876411831656914608e-01,4.319443541906085593e-01,2.133677501477483640e-01,3.264714222228346507e-01,2.484088877669555773e-01,3.166638821078399113e-01,2.205144924114940119e-01,2.253844464392281144e-01,6.329608511473716614e-02,7.361033929030072476e-02,2.043825322737343464e-01,2.247131608939428316e-01,2.336460969263836340e-01,8.365840975496929843e-02,1.058734282883607297e-01,2.074291723885218208e-01,2.908806140092533021e-01,1.736362393864924192e-01,3.515261034657286565e-01,3.240106296527942575e-01,2.019496252659326585e-01,3.308317947766509226e-01,3.573900792654436387e-01,2.071129485675730908e-01,2.635880348242994886e-01,2.410122686251702506e-01,1.867695862146712960e-01,6.386895478847409713e-02,1.742795826328077946e-01,1.524452310704784708e-01,1.939524342840963922e-01,2.388395432228979653e-01,1.909881852876118280e-01,1.637050712243872663e-01,1.755107842831031273e-01,1.098860539865066932e-01,2.299812306862766276e-01,2.923947871963480383e-01,1.976839761609839874e-01,3.685151155142187829e-01,2.506437711398055712e-01,8.927461338910291921e-02,2.052498896219266955e-01,2.807973945612054489e-01,1.586422338356634487e-01,1.185966177176403097e-01,2.978930426596054781e-01,1.837478777698041132e-01,2.304928859527685669e-01,1.798385159077322271e-01
2.759968185721213274e-01,3.551895647820777491e-01,2.422204379515928430e-01,4.514792465810817390e-01,2.745215300925386015e-01,1.500000000000000000e+00,4.393497474552380266e-01,2.244473252818766085e-01,1.582519222242938506e-01,3.139602891760635006e-01,1.439593326119363928e-02,2.078312725157963614e-01,2.789958047132007346e-01,9.721308222018626433e-02,2.706082297670365788e-01,2.640142425673576154e-01,2.090099314838860245e-01,4.857536059472036261e-01,2.797175540656323123e-01,3.611715228190214289e-01,2.435646383791654768e-01,1.455872866286623268e-01,2.198136037666761911e-01,1.054811692936220846e-01,2.139960556828441329e-01,1.964656777171621127e-01,1.522427722704449704e-01,1.157775483709480857e-01,1.041494842112737351e-01,2.972272929934475227e-01,2.975231662681122602e-01,1.816812888959393191e-01,3.742157959904508502e-01,3.343138548259858567e-01,1.532150254555551261e-01,1.448504658947240842e-01,1.404526168288174892e-01,1.721726716081161679e-01,1.795612938079664822e-01,2.749572109714186752e-01,6.554870003942246670e-02,3.150162241396492480e-01,8.075011557211431157e-02,2.724675688974340093e-01,2.121769296954575668e-01,1.518043404210446257e-01,3.787751340146586765e-01,2.249547910511821014e-01,3.635125964447636360e-01,2.536981745504038877e-01,3.162987613600004577e-01,1.879626258883206336e-01,1.664518595235116583e-01,1.934889403921674633e-01,2.456272776432846805e-01,1.646616061450267288e-01,1.693295068612579446e-01,1.401063619041708619e-01,1.968428225403466847e-01,2.775644302587866319e-01,2.043671617279854413e-01,1.359937184837947954e-01,2.119117206120921804e-01,2.629030967618481429e-01,2.640558087985068192e-01,1.410262780225204383e-02,2.430642821570552226e-01,6.089793830843324290e-02
3.133330776687854313e-01,6.631940473299674510e-02,3.046840983424141669e-01,8.397132761523735944e-02,2.520366301011351395e-01,4.393497474552380266e-01,1.500000000000000000e+00,2.705586462966227401e-01,5.314737043534478733e-02,2.778493957744675447e-01,2.088306278412573325e-01,3.031637626750827152e-01,3.756193645938370462e-01,4.204663075391730231e-01,4.225677565292446092e-01,1.831057736709815476e-01,2.378792772254695875e-01,1.035274023119399089e-01,4.358775512025127030e-01,1.460157646015654009e-01,2.862136973964027331e-01,2.313499033398013216e-01,2.298347957995211799e-01,1.565382806672597771e-01,3.036237698694951304e-01,2.272202949706501052e-01,2.632273187493271438e-01,8.538160652954643326e-02,1.631422389728777178e-01,1.816057305086022922e-01,1.025346900498828318e-01,1.512703899402765839e-01,1.853341342184768592e-01,8.819992174972433874e-02,8.206623204141433314e-02,1.621932255479585361e-01,9.026290179503503042e-02,7.703503601483432939e-02,1.931992813942504383e-01,2.449605299602510278e-01,1.697964389957135056e-01,1.929520406354987561e-01,1.613623786238454205e-01,1.016321720812466411e-01,2.998306485101884800e-01,2.140757436608067554e-01,1.792402886465216949e-01,8.024710737571513763e-02,6.555837597699025465e-02,3.571847126756806379e-01,1.971175113029795534e-01,1.117619532445440766e-01,1.053703870250729535e-01,2.987779904114958307e-01,2.621729844622660011e-01,2.687256712354825217e-01,2.196495031110113072e-01,2.478144294090779132e-01,4.961941307409489799e-02,2.258530295612891092e-01,2.173311372852537726e-01,2.073219107594565236e-01,3.639163895108225022e-01,1.883625607535170943e-01,2.670047767743937150e-01,3.595252958787980013e-01,1.188793391666252142e-01,1.228023544403863965e-01
2.164213355247569803e-01,3.288870636679481763e-01,1.300287645843669904e-01,1.628775496032658088e-01,6.522953673114720297e-02,2.244473252818766085e-01,2.705586462966227401e-01,1.500000000000000000e+00,2.450458378200794929e-01,3.207261124050524437e-01,3.993164911392316774e-01,1.988072793656781578e-01,2.050359283338205607e-01,3.163489990288252951e-01,1.099950293235924144e-02,3.642767991929173332e-01,1.966411215416637437e-01,1.210671255402772928e-01,3.366721441345808530e-01,3.252806691395349614e-01,4.810264518332306172e-01,1.546776586138310372e-01,1.337076995382001643e-01,1.485813078405766874e-01,2.734293695387344236e-01,1.263762816863005511e-01,1.465018944338896123e-01,2.418412463074463559e-01,2.638627856400306282e-01,2.200187458102577653e-01,2.142357296715437232e-01,2.074546060527629188e-01,3.344705118714770276e-01,2.547079247768239685e-01,1.610133742436550275e-01,6.051636844302992618e-02,1.776040418253583275e-01,1.445284552020890123e-01,2.210908385937238041e-01,2.574476779641003965e-01,8.633963546114160892e-02,8.317917244267541976e-02,2.090605049643687874e-01,1.734970249857105129e-01,3.691328814673211500e-02,1.311481228244092689e-01,2.035868354906918698e-01,2.675392389188972486e-01,1.556630298946928004e-01,1.591305386507155528e-01,1.847724156891164815e-01,8.130523820324393747e-02,2.332484498903760750e-01,3.746145085194371172e-01,2.903232781446762334e-01,1.412688882551144109e-01,7.215760969258103175e-02,2.337820907484343957e-01,2.693653592686395815e-01,7.277711551848123350e-02,3.533960590980975702e-01,6.214631888228081685e-02,2.167220156963493849e-01,1.474449949456033693e-01,2.909801094679591582e-01,2.415072253525439860e-01,2.818695369949872909e-01,2.712616039571316140e-01
2.756439105020634939e-01,1.294970614224771888e-01,3.884415690803597609e-01,1.846732028764865308e-01,2.600318959749744474e-01,1.582519222242938506e-01,5.314737043534478733e-02,2.450458378200794929e-01,1.500000000000000000e+00,1.804396705102953025e-01,3.124751937276911695e-01,5.267771464493975486e-01,4.296347509329004333e-01,2.464235457506558369e-01,2.897099092418266020e-01,1.857096943510442855e-01,3.244541765194319249e-01,5.066074986179516237e-01,6.339391475232791784e-02,1.230443109106826721e-01,5.672522593599173268e-02,5.297399950009191727e-01,3.122631124687553772e-01,2.462711061368811349e-01,2.040156094861487329e-02,3.518606099494696049e-01,1.720221625660213749e-01,2.263503300101335769e-01,1.740319290224610072e-01,3.242428843951014605e-01,2.668081293663824849e-01,1.418512103776957967e-01,2.242284091054618511e-01,6.697193105716814365e-02,1.347754044955372377e-01,3.820958355189216782e-01,7.863276147846534614e-02,1.175449288059839670e-01,2.353581838741177490e-01,3.140572406864802213e-01,1.974913141199295119e-01,2.076379255157398129e-01,3.276651111725738530e-01,2.569551766340898435e-01,2.794315005664995688e-01,2.066656911441382416e-01,2.935739516164175278e-01,3.233428711421203472e-01,1.173828835557012562e-01,3.146080108260472796e-01,1.603126672295859534e-01,3.230082787156757229e-01,7.295737453684668361e-02,1.730514107348415376e-01,1.141149918882417846e-01,2.782553866541604970e-01,2.140357192497998051e-01,1.243086991901704991e-01,1.884184635323474799e-01,2.203462796652573275e-01,2.819949270383064754e-01,2.198835592937254668e-01,2.282440808413196132e-01,3.295472401539646934e-01,2.626768773638383792e-01,3.264185176896310381e-01,1.038069297086636061e-01,2.405092297966517356e-01
3.920571492914571299e-01,3.054515880120597382e-01,1.934829946814912438e-01,3.349602818642736235e-01,3.576148432012977718e-01,3.139602891760635006e-01,2.778493957744675447e-01,3.207261124050524437e-01,1.804396705102953025e-01,1.500000000000000000e+00,5.582385860918197551e-01,2.796112554858487531e-01,8.723053967609174786e-02,1.429349782024346427e-01,1.379163883847295824e-01,3.026309133396450912e-01,6.711538167915659381e-02,4.026796434681961800e-01,3.155029067246984953e-01,2.528220274342246610e-01,4.290355954546687389e-01,2.741642191449027988e-01,6.967928843475046374e-02,2.487114846648769140e-01,2.769483653232500120e-01,2.176581947534032557e-01,2.159238901182766457e-01,2.059702539370564245e-01,1.239080637997525131e-01,2.808780348180632269e-01,2.953115547192318724e-01,2.109648056839951435e-01,1.766620610444027406e-01,2.143611818166581973e-01,2.618822155658457884e-01,3.373057665205980715e-01,9.120294713202446724e-02,7.207269789966336271e-02,1.262984357999591967e-01,3.031638378688758517e-01,2.213441319162007259e-01,9.209813100562529165e-02,1.080554772475465636e-01,3.311098990463366976e-01,1.573466474851330787e-01,1.651227385796944780e-01,1.607663793530048624e-01,5.923985219488008686e-02,1.898232801583785156e-01,2.758082451990044870e-01,1.290830419208684743e-01,2.578469313794450879e-01,1.842280474352048225e-01,2.642095171840191936e-01,2.773348790200592662e-01,2.045069035503160881e-01,3.949137475802231428e-02,3.055852716113274248e-01,1.252819621401524142e-01,1.303461546500693236e-01,3.110998259394950338e-01,1.520387232249872378e-01,2.206086549037894473e-01,1.519394202633346236e-01,1.881421611787095771e-01,1.327814475792048546e-02,2.640726874756927356e-01,3.612208917758448212e-01
3.641109103218598264e-01,2.278899910488056957e-01,2.748309924092728340e-01,3.834420518883981943e-01,3.833988890774949754e-01,1.439593326119363928e-02,2.088306278412573325e-01,3.993164911392316774e-01,3.124751937276911695e-01,5.582385860918197551e-01,1.500000000000000000e+00,1.688706552980256126e-01,1.957806101975274049e-01,3.558030206496858305e-01,3.432416931043641428e-01,4.178527781246493822e-01,4.465395192417953019e-01,2.963783133841291217e-01,4.009480623833616697e-01,3.062337787581346227e-01,4.755333803134216275e-01,5.307048264595273235e-01,3.052395560569697852e-01,1.700581247461712686e-01,2.941907565077454545e-01,2.025014530691891246e-01,1.620864947564315817e-01,2.655465815265454221e-01,3.354655925813817552e-01,3.215894415711402221e-01,1.894285726057301500e-01,1.879649470528630961e-01,1.823428498095390760e-01,1.665350609972758855e-01,2.127007873917657887e-01,1.308327233158386449e-01,1.245996204739134305e-01,2.914223695644048151e-01,2.150161329551598666e-01,1.443549070654909228e-01,2.818436971247743617e-01,2.134115760004720030e-01,2.720447227873473706e-01,1.581844202004415445e-01,9.758282575100718503e-02,2.621333025279010132e-01,2.683286396354142012e-01,2.110008717591445038e-01,2.367158909394878608e-01,2.676236414897326665e-01,2.274191749168381071e-01,2.043971711044857142e-01,2.179913121195465042e-01,1.610630760546247764e-01,1.491815976643198483e-01,3.019491153058386224e-01,3.200589430676630265e-01,9.311139528125425557e-02,2.464620159883854078e-01,2.315773997887649593e-01,1.965631022517015936e-01,5.393945384126049014e-02,9.951625343658423994e-02,1.165218732757839076e-01,3.529056801722944003e-01,2.802859192055242588e-01,1.546999216525390963e-01,1.727103143559464149e-01
2.729953222251454426e-01,3.701356689111430232e-01,4.892818754722079722e-01,4.260083394387311206e-01,4.758863488904347544e-02,2.078312725157963614e-01,3.031637626750827152e-01,1.988072793656781578e-01,5.267771464493975486e-01,2.796112554858487531e-01,1.688706552980256126e-01,1.500000000000000000e+00,1.339862859656341665e-01,3.641272485164794293e-01,1.758042942908805140e-02,3.031371364947317293e-01,1.042200326926825960e-01,2.734823680281687208e-01,9.846068280762823588e-02,4.438535443963723681e-01,4.347990689656049956e-01,1.821255354277564464e-01,7.551852657507787669e-02,2.533777219298333216e-01,2.342157951094474277e-01,9.092251923264467461e-02,1.317406285571312285e-01,2.610715946063130177e-01,2.887306137316522636e-01,2.227663839588592265e-01,2.628839677754798987e-01,3.202355671771752732e-01,2.760247464318235089e-01,1.512108236722733978e-01,2.666173914756905239e-01,1.784829162941354852e-01,1.299787442429393980e-01,3.514482184129442133e-01,1.759635763521345819e-01,2.270399279630045952e-01,2.088585185361879482e-01,2.586365544536973204e-01,8.919615821552250023e-02,1.793322547450964533e-01,1.328282348569863047e-01,2.674132157512876251e-01,1.693508621381827339e-01,1.450752885103376022e-01,2.406971805367073836e-01,3.318799090847913691e-01,1.601707385080844981e-01,1.527148129032257773e-01,2.344521809035725601e-01,3.087109922637072401e-01,1.158942574845557572e-01,1.256206302532111296e-01,1.703969927990199307e-01,3.496272764110825437e-01,4.332852717877453547e-02,1.411356546186769145e-01,7.039172473655726237e-02,1.337515526260499299e-01,3.198083729871125103e-01,3.163425302729582222e-01,3.028171128680062774e-01,2.825293401473811805e-01,1.232880924949021628e-01,1.678981377908572437e-01
1.441678602435982337e-01,3.485845974009955106e-01,2.329405023519848239e-01,3.981244974982818263e-01,4.443674745249613922e-01,2.789958047132007346e-01,3.756193645938370462e-01,2.050359283338205607e-01,4.296347509329004333e-01,8.723053967609174786e-02,1.957806101975274049e-01,1.339862859656341665e-01,1.500000000000000000e+00,1.390949659118896897e-01,3.738728224147223611e-01,5.192884640189813217e-01,1.524016768162279600e-01,4.444170173370282084e-01,2.769289713731831193e-01,3.875179625241292336e-01,2.267358950986631538e-01,1.779896994521504294e-01,2.698335787198610780e-01,2.180840070952009824e-01,1.930763919561283015e-01,1.939114605092457644e-01,1.103190005956625752e-01,3.266834230161830277e-01,1.865788411697472948e-01,1.294017919484627133e-01,2.034157222109622687e-01,1.938402319101735147e-02,2.649170073164793249e-01,2.377552399741483247e-01,2.582331315060990562e-01,2.187853616652453148e-01,1.149160433735363362e-01,1.633114059647976513e-01,1.399326443939251097e-01,2.560375323698140249e-01,1.374779139808088302e-01,2.985378950038382606e-01,1.696383010075472042e-01,1.218920493387039006e-01,2.129675157674750796e-01,2.096713619095180725e-01,1.483771079738492316e-01,2.743079759074363855e-01,2.625156568610448882e-01,1.338794304540719404e-01,9.975572815964812989e-02,2.051488778537254865e-01,9.694004596875990809e-02,8.883363332533107670e-02,3.438783058108755841e-01,2.235663953435588214e-01,7.954874878897599810e-02,2.305445134182709244e-01,1.167605740814194049e-01,2.603506975904836263e-01,2.645758136800531179e-01,2.933187307655653678e-02,1.429138574181249011e-01,2.673903143816466210e-01,1.395976758123425865e-01,2.454913352520620706e-01,2.957345122220646494e-01,2.152775909825149214e-01
2.613075635453615542e-01,3.880408658040894743e-01,3.451656661179772767e-01,1.328519622950237178e-01,2.285570124913608447e-01,9.721308222018626433e-02,4.204663075391730231e-01,3.163489990288252951e-01,2.464235457506558369e-01,1.429349782024346427e-01,3.558030206496858305e-01,3.641272485164794293e-01,1.390949659118896897e-01,1.500000000000000000e+00,2.362747566950598732e-01,3.166875615743077188e-01,4.656418893373553969e-01,2.350201264443418092e-01,9.478519179326055921e-02,2.021530589327429350e-01,3.836921727112154179e-01,2.659767266996790891e-01,2.198319940093521607e-01,2.187703310851115690e-01,1.802637201819697610e-01,9.220803261658230832e-02,1.514560211178740956e-01,1.799142495663294816e-01,1.466402108502769808e-01,1.539854637937755899e-01,1.075390070470212400e-01,1.620639885767172494e-01,2.098454424719563560e-01,2.414858382642376400e-01,2.323434137124450183e-01,2.376566206205242004e-01,1.333726906245049082e-01,1.849574856334965656e-01,2.006439907220151642e-01,1.526781197679913382e-01,2.914322312805551207e-01,3.089208610678689793e-01,1.323986867812824431e-01,2.221066827411611322e-01,2.443624285003176133e-01,1.510905291912525428e-01,2.757759341442929113e-01,2.058786232332238397e-01,1.253140870880306013e-01,6.807429360134846508e-02,4.415809120643377633e-02,2.081064381273538544e-01,1.631064654381481627e-01,3.408226247929055930e-01,1.370820620239127097e-01,2.573689252404816052e-01,1.245257759824217880e-01,2.424366407022388870e-01,2.375259035675493235e-01,1.636951496103868919e-01,1.752554439357570659e-01,2.100776489242683620e-01,3.595562562191825240e-01,3.372741607487567683e-01,1.938517103968967203e-01,7.062290126072921781e-02,2.299747996748182644e-01,2.153620326197576151e-01
2.877600291584161418e-01,3.962948976658179356e-01,2.375696601465732971e-01,3.400816001222228824e-01,4.795040449169826746e-01,2.706082297670365788e-01,4.225677565292446092e-01,1.099950293235924144e-02,2.897099092418266020e-01,1.379163883847295824e-01,3.432416931043641428e-01,1.758042942908805140e-02,3.738728224147223611e-01,2.362747566950598732e-01,1.500000000000000000e+00,3.038019414581313304e-01,1.901321793501206669e-01,1.944615028909745524e-01,1.610539847431549099e-01,1.092862568532039502e-01,4.474492243556354443e-01,3.273386379977680227e-01,3.239588447048916686e-01,3.025886594708758759e-01,1.313111051796932160e-01,1.438728438019912792e-01,2.457410419162468496e-01,2.877110953464970255e-01,1.824103278957414365e-01,1.389155935718709989e-01,2.201391672138676148e-01,2.830770770415714233e-01,2.399329392451849396e-01,3.136091709928843230e-01,1.552320117572244806e-01,1.955452911768628677e-01,3.076306670036169644e-01,8.984684996701618187e-02,3.306243381642876566e-01,2.873959240390741021e-01,6.693307521656111092e-02,2.366450075956880728e-01,1.487352663931952312e-01,9.102268656846672357e-02,1.991856812983689440e-01,2.557169035288754944e-01,3.054267532845114097e-01,3.116585087276234622e-01,3.594928886008954549e-01,1.167699505858869474e-01,9.902197764581810446e-02,1.751123813581434707e-01,3.667673151234792095e-01,8.094274162381825954e-02,7.827065767677379715e-02,3.386649588229502239e-01,2.218877954634486116e-01,3.420919070875361179e-01,2.167738482483149709e-01,7.714010383720974751e-02,1.826101754987154158e-01,2.812676667008044973e-01,1.821088797113803726e-01,6.488784693165015882e-02,2.002128827543665224e-01,1.732434441957388660e-01,1.835616573188953438e-01,1.537933408125576329e-01
3.356473085625892860e-01,2.283829987529630845e-01,1.937376245582427270e-01,3.575675862360277457e-01,5.248388494802582738e-01,2.640142425673576154e-01,1.831057736709815476e-01,3.642767991929173332e-01,1.857096943510442855e-01,3.026309133396450912e-01,4.178527781246493822e-01,3.031371364947317293e-01,5.192884640189813217e-01,3.166875615743077188e-01,3.038019414581313304e-01,1.500000000000000000e+00,2.924309262468122173e-01,3.817363886494794523e-01,3.556486176050304149e-01,2.806922480295538369e-01,1.465124993954220745e-01,1.666466136576713886e-01,2.431405970393551441e-01,2.317792134069238119e-01,7.003307013328893826e-02,2.319211132035850498e-01,1.829003549242267379e-01,1.496342710819206501e-01,1.973657889981187963e-01,2.816253726699000093e-01,5.768027847067169755e-02,1.793639962820279543e-01,2.230844593436071832e-01,1.219159483053333243e-01,5.516542213720607851e-02,1.775339536734770185e-01,1.414472207451257235e-01,2.084960080402310512e-01,2.210135550019622919e-01,6.555159116877960768e-02,1.410264041473523536e-02,2.689601160547406278e-01,1.551448473099162617e-01,1.945932612445347987e-01,1.760505407995946459e-01,1.834347891473152581e-01,8.643554233324236141e-03,2.108608987389801459e-01,1.484195560395387137e-01,1.501268078243039872e-01,1.592042398331697528e-01,3.409326759425221898e-01,1.855750228840279681e-01,3.242705251749979922e-01,2.044795613809044232e-01,1.667503561347779828e-01,1.339056582237171944e-01,2.118107743070624660e-01,7.415481807126400593e-02,2.139842525485003144e-01,9.550474088153307339e-02,2.558504647193087234e-01,2.810329699724678498e-01,2.740680050140951174e-01,1.346003129972860868e-01,2.693787533459996997e-01,2.654525401277207930e-01,2.923445847767502381e-01
3.513417186022792515e-01,4.461768925849016743e-01,3.937119467702162590e-01,3.725083619458522399e-01,2.159338117368716503e-01,2.090099314838860245e-01,2.378792772254695875e-01,1.966411215416637437e-01,3.244541765194319249e-01,6.711538167915659381e-02,4.465395192417953019e-01,1.042200326926825960e-01,1.524016768162279600e-01,4.656418893373553969e-01,1.901321793501206669e-01,2.924309262468122173e-01,1.500000000000000000e+00,9.218414871023210277e-02,1.018022199865871724e-01,1.280538400268294019e-01,9.636384848101331446e-02,1.771470505886858504e-01,1.213594665822180785e-01,2.065686002505907060e-01,1.695040280327814175e-01,2.479069320822658296e-01,1.908528336112806922e-01,3.082050510269815913e-01,5.599068621304784110e-02,2.193762884184864981e-01,2.220610441622529740e-01,3.163832042563555769e-01,2.472874142686780907e-01,1.257693028708162242e-01,8.362502223112129596e-02,2.700883886991741756e-01,2.309484405773490900e-01,1.930257404359544959e-01,1.577935869946928971e-01,2.424154680471817258e-01,2.049440823965805181e-01,1.337807922394024795e-01,2.791084966185191640e-01,1.847801217155334297e-01,3.507445069997540132e-01,6.648466830530069815e-02,1.792168680992225482e-01,1.417714135766027506e-01,3.417432839581896475e-01,9.347297844409768741e-02,5.437784671308898421e-02,2.227760891365862250e-01,3.357199575589295826e-01,1.500702742688314051e-01,8.056134147676421997e-02,3.329617755682494629e-01,1.991118762256416930e-01,2.818584288514167646e-01,2.545387303801150969e-01,2.287835724551225136e-01,2.705840739142377771e-01,2.776987560078263417e-01,1.906617192886014278e-01,1.016922199086234824e-01,2.576438969191414130e-01,1.786584249705143734e-01,6.625135420585570589e-02,3.491353356325860302e-01
3.947984675457606452e-01,2.616180292067359914e-01,3.696194212240172527e-01,4.102898672440076777e-01,4.189877863222795096e-01,4.857536059472036261e-01,1.035274023119399089e-01,1.210671255402772928e-01,5.066074986179516237e-01,4.026796434681961800e-01,2.963783133841291217e-01,2.734823680281687208e-01,4.444170173370282084e-01,2.350201264443418092e-01,1.944615028909745524e-01,3.817363886494794523e-01,9.218414871023210277e-02,1.500000000000000000e+00,1.007189525414027148e-01,3.149820867007058767e-01,3.915240894263630200e-01,5.080969219415922833e-01,2.554891801769043624e-01,1.080539260150682329e-01,1.892328346269843142e-01,2.693542343702067243e-01,2.529868181720363318e-01,1.613231432891916728e-01,1.463918469451664373e-01,2.395509446513381380e-01,6.398372474785507524e-02,2.451277450819693560e-01,2.455120466149563474e-01,1.587001836554693956e-01,8.740356499351245589e-02,2.713914995633333049e-01,2.757302201548590403e-01,1.462239832008367935e-01,1.179102786837394334e-01,3.741111005046259264e-01,2.558233455488972963e-01,1.181149509261757019e-01,1.567210085646439099e-01,1.687252023454495764e-01,1.403660137488040027e-01,3.363356039866505776e-01,1.815432093570805705e-01,3.108724379528646914e-02,1.513028807948798571e-01,2.346466962789796884e-01,2.663392844146356686e-01,2.340602546401750750e-01,3.388997511199681040e-02,1.926559316125369126e-01,3.828875122927695163e-01,2.844814948477056848e-01,1.083444740483443663e-01,8.753304532959618744e-02,2.303539077876871344e-01,1.634568743710124172e-01,1.695359635198898374e-01,1.082096284225426835e-01,3.768545710079451716e-01,2.504820361770097037e-01,1.271009844414469903e-01,4.348763511112278823e-02,3.406934375721092367e-01,2.186594921702977590e-01
3.103401776981690730e-01,3.760466266172827199e-01,2.545017680988137521e-01,2.163831262617787188e-01,3.876411831656914608e-01,2.797175540656323123e-01,4.358775512025127030e-01,3.366721441345808530e-01,6.339391475232791784e-02,3.155029067246984953e-01,4.009480623833616697e-01,9.846068280762823588e-02,2.769289713731831193e-01,9.478519179326055921e-02,1.610539847431549099e-01,3.556486176050304149e-01,1.018022199865871724e-01,1.007189525414027148e-01,1.500000000000000000e+00,5.037986977856991899e-01,2.467191407304006878e-01,3.216712069531523777e-01,1.044135776186268516e-01,3.739828389636399297e-01,3.604344775638225196e-01,2.920806027988950282e-01,1.380961513840590627e-01,9.341833124850144887e-02,2.371527514649463542e-01,2.746560989933690689e-01,2.143777916971744135e-01,2.013836456752319537e-01,2.239570408990231298e-01,1.786908921507035786e-01,2.820654383602237414e-01,8.904090647182805185e-02,3.379430912848798707e-01,2.132240814388208783e-01,1.837938320264871639e-01,2.087315019785042636e-01,1.764696104494445084e-01,2.318260733236785498e-01,2.263965947612824881e-01,2.857116264424974794e-01,2.050081101791571547e-01,2.602669158741712785e-01,1.348311815562876492e-01,2.316022817578463622e-01,2.837784076042403902e-01,1.765570151981437630e-01,2.313042321199746676e-01,8.216359421605452795e-02,9.454579782586686187e-02,2.373711183795701452e-01,1.733724614114484086e-01,7.044594384476231264e-02,2.982382616310191303e-01,2.137357609477252562e-01,3.449240099285836303e-01,1.622907612209049666e-01,2.767239310339520419e-01,1.790108445705637930e-01,1.868639428487274268e-01,7.472752850054056872e-02,8.832687461045912736e-02,2.063234059081619498e-01,2.502864077697388168e-01,1.258719594151254673e-01
3.723981141346282553e-01,3.549033659051799017e-01,3.705033751457456059e-01,2.930819161563780195e-01,4.319443541906085593e-01,3.611715228190214289e-01,1.460157646015654009e-01,3.252806691395349614e-01,1.230443109106826721e-01,2.528220274342246610e-01,3.062337787581346227e-01,4.438535443963723681e-01,3.875179625241292336e-01,2.021530589327429350e-01,1.092862568532039502e-01,2.806922480295538369e-01,1.280538400268294019e-01,3.149820867007058767e-01,5.037986977856991899e-01,1.500000000000000000e+00,2.833171400411513829e-01,3.223989602644489749e-01,1.179396020065150708e-01,1.864600160301400078e-01,1.637108259991416348e-01,9.239362250072497007e-02,3.682924716124597042e-01,2.058857044213696086e-01,1.015543262727650886e-01,3.420067239217741695e-01,3.224031635096700765e-01,1.664181808423768061e-01,2.394367075513802734e-01,2.102360737639663857e-01,3.103770118100054876e-01,1.912965510222291998e-01,4.366118572751980648e-02,1.711962887420533375e-01,1.230482982671565195e-01,1.208956892378897641e-01,2.404735434028485441e-01,2.012563302709604041e-01,1.749374591312134186e-01,9.817534481086960529e-02,3.249949849107645061e-01,1.664708713405266272e-01,1.049265069120840221e-01,1.005469513795204384e-01,1.747554471042956914e-01,3.660692658751274475e-01,1.049170040738765797e-01,2.556152541008737678e-01,1.961018206171361022e-01,1.323930082626453009e-01,2.685331933039764585e-01,1.792209767299753065e-01,1.656358694863624414e-01,2.314573235613029412e-01,3.601173077439549508e-01,1.220650156989275398e-01,3.163570639665116424e-01,2.454959702102715580e-01,1.694364905695637247e-01,2.289525414872707609e-01,3.183004332315545470e-01,2.933351838400316547e-01,3.088408777831159191e-01,2.194414379986225350e-01
1.778274332649623368e-01,2.722692449566262995e-01,3.857882874903008075e-01,4.751748572494708944e-01,2.133677501477483640e-01,2.435646383791654768e-01,2.862136973964027331e-01,4.810264518332306172e-01,5.672522593599173268e-02,4.290355954546687389e-01,4.755333803134216275e-01,4.347990689656049956e-01,2.267358950986631538e-01,3.836921727112154179e-01,4.474492243556354443e-01,1.465124993954220745e-01,9.636384848101331446e-02,3.915240894263630200e-01,2.467191407304006878e-01,2.833171400411513829e-01,1.500000000000000000e+00,3.186096144738425062e-01,1.134102347916833009e-01,1.570514127640608160e-01,1.306381580009411125e-01,3.531085901725115050e-01,6.816655748027518336e-02,1.526816784685324779e-01,1.656350674531576472e-01,9.631149110638184685e-02,1.669735173563246244e-01,2.151826590687568597e-01,1.835398127387134759e-01,1.482196065954726749e-01,3.237385135517891754e-01,8.843841682692182848e-02,6.813438497044883857e-02,2.584112042887210525e-01,2.764003190910202523e-01,1.301105653960982489e-01,1.706674508766485021e-01,9.590760798661664144e-02,2.409729651323898603e-01,1.893988660552315961e-01,9.149378553500704669e-02,3.264936966728458900e-01,3.717845399605267387e-01,1.076064457817476894e-01,1.159835571458706083e-01,7.523848710684571950e-02,1.854406070084856362e-01,1.612583532203545333e-01,1.973147161475950206e-01,1.281049700881742859e-01,1.130790214837218699e-01,2.838219643851431218e-01,2.082807408485327916e-01,1.570969668107237704e-01,1.577156285322617590e-01,2.292322374843784871e-01,1.748841010917237260e-01,2.351488244270721339e-01,3.190300024431116932e-01,2.677495849534964334e-01,2.450053202176492584e-01,2.104139086069589104e-01,1.775918375616647449e-01,2.980203694695888750e-01
2.578846803424860168e-01,3.918422777167446247e-01,2.712287555810743989e-02,4.546665608111899459e-01,3.264714222228346507e-01,1.455872866286623268e-01,2.313499033398013216e-01,1.546776586138310372e-01,5.297399950009191727e-01,2.741642191449027988e-01,5.307048264595273235e-01,1.821255354277564464e-01,1.779896994521504294e-01,2.659767266996790891e-01,3.273386379977680227e-01,1.666466136576713886e-01,1.771470505886858504e-01,5.080969219415922833e-01,3.216712069531523777e-01,3.223989602644489749e-01,3.186096144738425062e-01,1.500000000000000000e+00,1.572335065245729635e-01,9.630261902803151364e-02,9.148022552828646847e-02,5.047311121879510115e-02,1.523965768664140574e-01,1.595549426003242122e-01,1.096169325621430823e-01,3.835375888048189186e-01,1.084376850920382440e-01,3.416301100777967281e-02,1.231835881170684297e-03,2.247302661580781458e-01,2.173562150289157502e-01,2.483360128980583448e-01,1.714497810537292388e-01,1.919409781775416601e-01,2.496679067705069865e-01,3.635703384392384718e-01,3.584744219610929150e-01,2.041514268461398496e-01,4.131485476596992445e-02,3.683028222541579466e-01,1.825451278146319467e-01,9.189587347887036295e-02,3.110894626317074474e-01,2.956777078011451065e-01,1.680254195621606050e-01,9.166724492217359632e-02,3.744547337205460513e-01,3.619519845723606633e-02,1.661474681851052571e-01,9.878231213963331592e-02,1.547325784609695498e-01,3.881350205639905182e-01,2.166481463821000319e-01,3.117159281785906177e-01,2.299747140818159674e-01,1.471012052511823653e-01,2.218046571425599245e-01,1.831099986130740043e-01,7.713179828545020655e-02,2.980720164542633999e-01,3.480174792399456374e-01,2.591094391589744972e-01,3.134952780018848140e-01,1.738847432489045164e-01
2.155912006012800641e-01,2.853499633680025571e-01,2.244713744398207644e-01,3.082496917496617694e-01,2.484088877669555773e-01,2.198136037666761911e-01,2.298347957995211799e-01,1.337076995382001643e-01,3.122631124687553772e-01,6.967928843475046374e-02,3.052395560569697852e-01,7.551852657507787669e-02,2.698335787198610780e-01,2.198319940093521607e-01,3.239588447048916686e-01,2.431405970393551441e-01,1.213594665822180785e-01,2.554891801769043624e-01,1.044135776186268516e-01,1.179396020065150708e-01,1.134102347916833009e-01,1.572335065245729635e-01,1.000000000000000000e+00,2.214638357738654417e-01,2.031369336980363149e-01,1.242402748693316322e-01,1.931596793587096461e-01,2.520899576403022868e-01,3.247091894700208092e-01,3.902377053999809275e-01,1.888338979364349024e-01,8.892510258243278842e-02,1.176542004560873766e-01,2.592593819422042145e-01,1.776927175068149234e-01,2.718385996825601891e-01,1.996676300337310028e-01,2.550749684380858584e-01,1.554893667830321846e-01,1.181393257582701861e-01,1.820412123295543638e-01,1.937424801820619713e-01,2.426474549489385790e-01,1.157637364531996504e-01,1.930685270747201920e-01,1.365451468679274027e-01,1.738337913236633753e-02,2.200408428348741285e-01,5.356401539153843316e-02,2.150048989927134668e-01,1.958895341303121262e-01,1.485650728643237439e-01,2.244406438888345012e-01,1.869861437426092177e-01,1.708483443965952420e-01,1.544477715511758387e-01,8.836851380547024182e-02,1.959365567861132695e-01,3.258632756528694330e-01,1.854983395927605194e-01,1.590578606543601725e-01,1.465443944658639808e-01,2.828875841422839321e-01,2.296428780868389197e-01,1.006743381176023466e-01,1.768601545649500228e-01,2.961817608004235769e-01,1.541746923416724147e-01
