1.500000000000000000e+00,3.945625464342079058e-01,2.450860862824098263e-01,3.488684550122733707e-01,2.600433275274163236e-01,2.169316809675715385e-01,3.836718841032247806e-01,2.608094696379838484e-01,1.973288801547086191e-01,2.689816339264725631e-01,3.910116222743723613e-01,3.323002403969147478e-01,4.752593769539462110e-02,3.618076043500114691e-01,1.298622834977541940e-01,7.280999440274005252e-02,3.941203582627832436e-01,2.124123922261074715e-01,3.060903070376693735e-01,4.545582858039701746e-01,4.230953570189568413e-01,3.066987154857794273e-01,2.039308039538432760e-01,3.642754731113537758e-01,6.800638869408391629e-02,2.235913960288501423e-01,1.271169695065032523e-01,3.136463266462259369e-01,1.058153441934166078e-01,5.305622206413647401e-02,7.976573404226230957e-02,8.015746562112502360e-02,2.500684250256827168e-01,2.639441381738065195e-01,2.657331898713758966e-01,2.588898703721979055e-01,2.715052828515532868e-01,1.407297445717974882e-01,5.057128383621155299e-02,1.975722341854672659e-01,1.855593822225002631e-01,1.752141096057285852e-01,1.028124166352821917e-01,2.322413026709070349e-01,1.656606576045904222e-01,3.813587474397627242e-01,1.750596636137754791e-01,1.271873017850433385e-01,2.177889099514543070e-01,3.830836384681249318e-01,1.368565669097810966e-01,3.230900978669003498e-01,8.865041254794701897e-02,3.253233663029430622e-01,2.324299993170651779e-01,3.549055871482609259e-02,3.308560503371708039e-01,3.356220910423609594e-01,5.621295596585607068e-02,1.319913758578634688e-01,1.678581910647964637e-01,5.922453019955276066e-02,1.633532872381207590e-01,1.754905575078014313e-01,2.567399311801297213e-01,3.257187852451746135e-01,2.224263963226937313e-01,2.013247050209904521e-01
3.945625464342079058e-01,1.500000000000000000e+00,1.390278842716798913e-01,3.539043019634249276e-01,2.344073044705678177e-01,2.833871604655744392e-01,1.972869239059534541e-01,2.477958302674448943e-01,2.881267725923624123e-01,2.833101238755837414e-01,5.109841190619767159e-01,4.117588561701714944e-01,2.706845040737556052e-01,8.115600425828932429e-02,2.343826485436711626e-01,1.571047931414068510e-01,1.850205056518434144e-01,3.135542609276589232e-01,3.996828791300245376e-01,4.298047818765362016e-01,2.006117081185317397e-01,4.526950455075842705e-01,2.036846962529203497e-01,4.254002652942521362e-02,1.584393716417409337e-01,2.865873174311766025e-01,2.906213469218307255e-01,3.202636084752730206e-01,2.490722132481779094e-01,1.641057191609164856e-01,3.224653979570231699e-01,9.657542744117782185e-02,1.853886069810856685e-01,9.911515600301756823e-02,3.591202970858521359e-01,3.247524657922165048e-01,1.710698826137717343e-01,2.690112604772071370e-01,2.398981996290773244e-01,2.446971568595880941e-01,1.700920873394771438e-01,1.596585825653196455e-01,3.181826071873905537e-01,5.433220532302290157e-02,1.774909499728269391e-01,2.406982887742181720e-01,2.342956562972738355e-01,1.699618079408309890e-01,1.871960129481645141e-01,1.798139301145934565e-01,2.362392066569925508e-01,2.198508439367993506e-01,3.131890154882891464e-01,2.061600126066541194e-01,1.499256123370113769e-01,9.898393712318680204e-02,1.522989894342990369e-01,3.107279712123611759e-01,2.342997067156107338e-01,2.419580395505734893e-01,1.715262946446078074e-01,6.504756002803829817e-02,1.748997204039989817e-01,1.670597041007068351e-01,1.886901119902379964e-01,9.227022577448613927e-02,2.093869140939528528e-01,1.844319088266402340e-01
2.450860862824098263e-01,1.390278842716798913e-01,1.500000000000000000e+00,1.034420751752649359e-01,3.464655139491689684e-01,2.589010790476201085e-01,4.663891208403656008e-01,1.561602251996506707e-01,1.444914669937165941e-01,2.753826784461027577e-01,4.408533615963212138e-01,7.508889627246490006e-02,2.142278793749152199e-01,4.055322990711771047e-01,2.833810652322958923e-01,4.304554081044108527e-01,1.935237030423979099e-01,1.084773870139189300e-01,2.777388324940258668e-01,3.019587648490131837e-01,5.317635142869749920e-01,2.479500329073552611e-01,1.557253448234942328e-01,1.884947785506325690e-01,3.643008982564157616e-01,3.454835130978272106e-01,2.571152018986449517e-01,1.356797758780477481e-01,2.853106823184148322e-01,2.377927765321429521e-01,2.295433121666594634e-01,2.738251197972803030e-01,3.229506326558577722e-01,2.698398954081795420e-01,2.404065725904738215e-01,1.231779800519402085e-01,1.654756503832459716e-02,1.497089788270402622e-01,2.732295448368745605e-01,2.951156506662007128e-01,1.890618497902615547e-01,1.020406280110168762e-01,7.286597492133919940e-02,1.726010758780849030e-01,1.027103315263236810e-01,1.026829198051500969e-01,1.856533777364353099e-01,1.516451785378729600e-01,9.923590878695542905e-02,1.304405737396517051e-01,2.474655205678360226e-01,1.236034792170546959e-01,1.656604954694075593e-01,7.007810513217674342e-02,2.055595943837759398e-01,2.767503883312530388e-01,1.385466146145001021e-01,2.583155616172277957e-01,9.226123320067641798e-02,2.388054699590863028e-01,3.380410659355200798e-01,2.136910962692257707e-02,2.033800007021902001e-01,1.306460824886489791e-01,7.362539282052438239e-02,2.758931988710223715e-01,1.612420509139791402e-01,1.799910658376188410e-01
3.488684550122733707e-01,3.539043019634249276e-01,1.034420751752649359e-01,1.500000000000000000e+00,1.620193263370820480e-01,3.019348615850978024e-01,3.752551358013276883e-01,1.614413316301367973e-01,1.797666329307224808e-01,4.504951584133791709e-01,1.913148424254038082e-01,2.483173219642294538e-01,3.288837856935045156e-01,3.484200582754686248e-01,4.542736282890743604e-01,4.121889086081879094e-01,9.775856672305728579e-02,3.108640002966976956e-01,2.561366576853465471e-01,3.195426549321834786e-01,2.748108877030027153e-01,2.497038041257433061e-01,2.382521221375853149e-01,1.130088754819383312e-01,1.613900137822650571e-01,1.295201520004924667e-01,4.980130015206703231e-02,6.158919330942765058e-02,3.041801377086838509e-01,1.916695390977438129e-01,1.475304287559171534e-01,3.554505292351786139e-01,1.814208542448529360e-01,3.134590094401139004e-01,1.849015816241563193e-01,1.042102484665859419e-01,2.054799778373991859e-01,1.990353050951902958e-01,7.652336149581925873e-02,1.616752109287514783e-01,8.150603469068469498e-02,2.987143655972412937e-01,1.090694800976648449e-01,2.269281133240154402e-01,1.753553026937693660e-01,2.456563061487745947e-01,3.145785364580200305e-01,2.361733665243357372e-01,3.099313333815448823e-01,2.107459450439923276e-01,2.905797256742854717e-01,3.002723615070843621e-01,1.777383878676084272e-01,3.291795799073518602e-01,2.358368694894487638e-01,2.368639882379661721e-01,3.948393763110942534e-02,2.073235290813350007e-01,2.374315764828963116e-01,1.902401626921686184e-01,2.576408590715669744e-01,1.654490231213143758e-01,1.561686780734959645e-01,2.083924357632452595e-01,1.348696872283844939e-01,2.001928933753656381e-01,1.194844328281871870e-01,3.197880128293242308e-01
2.600433275274163236e-01,2.344073044705678177e-01,3.464655139491689684e-01,1.620193263370820480e-01,1.500000000000000000e+00,2.930468654455091193e-01,3.102460247325083964e-01,1.108812935087505613e-01,2.133304486656741883e-01,4.155104319282552638e-01,2.251267693498440747e-01,4.648459551384763744e-01,3.323225654062420542e-01,3.017170811035786437e-01,4.176722716213168152e-01,2.369681224345637216e-01,3.315029631074651872e-01,2.745093526201874967e-01,4.346740833950096805e-01,1.388124157599148201e-01,4.092795724741339347e-01,1.834212557083090278e-01,1.479288418797264359e-01,1.958552050002532741e-01,5.671811369115676432e-02,2.957452404467910689e-01,2.831492522979732751e-01,2.185275478910898295e-01,1.845126255798293924e-01,3.501424396258161487e-01,4.231228565375799722e-02,2.378725319018422657e-01,3.315892330217513617e-01,2.405797203629876369e-01,8.919878228876462756e-02,1.281208216838893854e-01,1.920988019527646029e-01,9.631635944389142778e-02,2.341128482313659664e-01,2.453604524885230065e-01,1.708012749926224039e-01,2.507666526459345069e-01,1.678332791484858089e-01,1.603368929206211990e-01,1.259542765614507231e-01,1.786174086003811112e-01,2.279020190366637943e-01,2.415550807735072636e-01,1.748865572488352838e-01,1.094842267154769871e-02,8.298130629786548695e-02,2.248353899045572590e-01,2.734709633253576966e-01,2.612776589570587893e-01,2.953481197962335436e-01,1.246274385929844880e-01,1.927615873114343903e-01,2.108773955834561953e-01,2.551805948344185726e-01,6.582259050821093194e-02,2.494744640239838496e-01,2.054398078664299021e-01,1.951305188660396595e-01,2.831327895879341972e-01,2.721177717638120219e-01,1.393500948703853548e-01,1.973494704259372012e-01,3.171092576081634973e-01
2.169316809675715385e-01,2.833871604655744392e-01,2.589010790476201085e-01,3.019348615850978024e-01,2.930468654455091193e-01,1.500000000000000000e+00,1.415095972264359125e-01,1.470122484986625122e-01,3.291847797499792283e-01,1.580482767508361308e-01,2.744085401598935214e-01,2.002205925780383144e-01,2.871878137804094733e-01,2.966026041937300795e-01,2.840901889502995270e-01,3.137852908892388437e-01,3.979479114938934137e-01,3.840565347052587453e-01,3.795930305615579647e-01,3.672360884400304171e-01,3.959639362471884527e-01,2.819052796424913465e-01,1.778426070303971152e-01,2.815109846213822431e-01,1.996967336557714245e-01,1.885648001068065960e-01,2.607631410886996903e-01,1.972946835189898773e-01,1.592268769927727701e-01,3.197024166635901166e-01,1.104969637928145121e-01,1.945435786264646250e-01,2.991574353634034455e-01,1.864567054841410609e-01,1.867840651432952082e-01,3.156474473136352543e-01,2.146689508958779247e-01,2.290890685868232912e-01,1.440559375856649837e-01,2.175486252491972139e-01,3.910609730502282444e-01,6.826430276306889866e-02,2.534922850341479461e-01,1.458118837966969616e-01,4.991886445578887915e-02,2.263262086104408377e-01,3.561658101840251001e-01,2.036155023182770751e-01,3.078874783489635725e-01,1.767297805187173498e-01,3.151293964317005702e-01,1.456284828889362060e-01,2.355963898440981419e-01,2.129274640986702494e-01,2.755325975919271086e-01,2.663321018913412663e-01,2.856796065240793103e-01,8.769226957873363371e-02,1.636697960351186365e-01,1.578506335340017497e-01,1.335013666731143245e-01,3.826206892833212969e-02,1.983889415328250749e-01,2.851988624230452074e-01,3.134613272710729537e-01,2.754178096735434011e-01,2.105046483976423244e-01,1.612367295818228352e-01
3.836718841032247806e-01,1.972869239059534541e-01,4.663891208403656008e-01,3.752551358013276883e-01,3.102460247325083964e-01,1.415095972264359125e-01,1.500000000000000000e+00,5.467163868159956586e-01,1.258439279750025730e-01,3.032134596793735204e-01,3.544525946423765506e-01,5.225273989376644224e-01,4.763467795096734125e-01,2.495994415254184084e-01,4.113644046501986340e-01,2.296522641875634596e-01,4.341478007589317234e-01,2.214959692507809386e-01,4.376656288218206403e-01,2.899935900163245206e-01,2.788855669514954672e-01,2.239375497395525993e-01,2.062716282401608203e-01,7.922125718018979690e-02,2.742603428805916455e-01,5.023889134240924759e-02,1.082655588679603959e-01,1.179545496022169904e-01,2.069030509093414683e-01,1.376613325492381801e-01,2.444396263344170706e-01,1.332573384348973988e-01,1.014701451623102185e-01,2.815610285806611213e-01,2.521723913333797640e-01,2.519771301276340081e-01,3.115209811517920535e-01,9.901230702921631766e-02,3.684658727547704959e-01,1.598070875668255730e-01,2.756494555309614847e-01,1.704927649929163791e-01,2.502197326857766302e-01,2.448134751725428715e-01,1.769656889707027780e-01,3.256516106633394747e-01,1.627779101549357843e-01,1.487024712167894225e-01,4.634783725124647091e-02,1.004890923789444751e-01,1.678459225993603754e-01,2.646607235202195207e-01,2.242990489239531926e-01,1.428202637422457399e-01,9.478940887960930761e-02,2.710587122665917836e-01,1.833378466993647871e-01,2.177848712819674681e-01,3.059803638328529307e-01,2.624160729921651836e-01,1.277972449544748090e-01,1.194145364361436368e-01,3.387967357622194142e-01,7.519249417770715316e-02,2.101441908715278584e-01,1.553478690148068775e-01,2.943730247953761370e-01,2.195436605542049890e-01
2.608094696379838484e-01,2.477958302674448943e-01,1.561602251996506707e-01,1.614413316301367973e-01,1.108812935087505613e-01,1.470122484986625122e-01,5.467163868159956586e-01,1.500000000000000000e+00,2.886831343644375991e-01,3.367250441642797854e-01,3.815591388600270140e-01,3.718876309568054372e-01,1.626413854048246732e-01,3.698902861895322358e-01,3.164861354220712131e-01,1.292382448451452337e-01,2.405266640834250458e-01,2.196024749614746696e-01,3.521658282164872311e-01,1.507945953927272154e-01,1.509702486120335641e-01,2.120899949279644314e-01,2.717233085368322421e-01,3.715493316229126486e-02,1.944817500032831048e-01,2.515105144642282298e-01,3.254000598046954962e-01,1.950633880977307999e-01,3.143946359545032321e-01,1.565555284620653298e-01,1.463855071344820347e-01,1.841371019045111579e-01,3.627260382771581582e-01,1.856112509328428917e-01,1.799116310743742730e-01,3.021455682297776169e-01,1.033025573767226701e-01,2.562074369600150225e-01,2.179062055631892370e-01,2.008357951910482997e-01,2.122099359180304179e-01,1.515784089500302190e-01,2.924128345529339867e-01,1.656512954234654056e-01,1.566842759305466792e-01,2.946356560412292103e-01,2.180336383851784743e-01,2.644474053998565610e-01,2.815412526355741685e-01,2.864846553345761215e-01,3.763542168217283712e-01,1.632979916709494383e-01,1.328682163258372573e-01,2.915126198924536949e-01,2.285061896346626542e-01,2.149729542767276347e-01,2.238402475563297522e-01,1.865480740776354340e-01,2.607797616186399714e-01,1.710485942555457495e-01,2.175135920016444957e-01,2.268277444443513313e-01,1.072658279252211994e-01,1.395162690806238948e-01,3.045762739075701941e-01,1.425108575458331472e-01,8.514975568676580453e-02,2.548594278982774797e-01
1.973288801547086191e-01,2.881267725923624123e-01,1.444914669937165941e-01,1.797666329307224808e-01,2.133304486656741883e-01,3.291847797499792283e-01,1.258439279750025730e-01,2.886831343644375991e-01,1.500000000000000000e+00,4.423369340704669250e-02,5.200399993870257198e-01,4.623982340813856950e-01,3.606617518010327150e-01,3.870847636395791658e-01,3.132164465098062900e-01,3.445782405554498329e-02,2.381471152234720945e-02,3.076989680940195315e-01,9.571523401845064005e-02,1.806760139880951854e-01,3.394839091412604759e-01,2.823172489386959194e-01,5.539021675662225697e-02,3.071215794984456515e-01,1.584586658690640693e-01,2.566574278096871997e-01,3.224371535485668350e-01,3.124089219190241407e-01,2.961459982123428869e-01,2.424430734246185160e-01,3.215065998233650191e-02,1.693226977994498617e-01,2.856772950716668924e-01,2.304774051926873069e-01,1.761645383144050947e-01,1.509343940554418173e-01,1.644282734537695634e-01,1.270805295811212876e-01,1.021542991289095537e-01,2.019857604958065211e-01,1.548542296040947008e-01,8.061425163197213917e-02,1.454204713788356806e-01,8.898695519176849644e-02,1.522048511799738435e-01,1.357861978804401071e-01,1.274691997917166697e-01,2.676675852093030050e-01,3.060483966209525675e-01,2.887672755711088168e-01,2.019400171760646068e-01,1.991877502266593547e-01,1.622172578541461740e-01,2.374995210446618765e-01,2.469397694004992760e-01,1.067127209380994424e-01,1.185664179569987098e-01,5.996160021896526637e-02,6.224684236729667586e-02,4.905059874828248540e-02,2.493749769085392143e-01,7.887407138765072101e-02,2.374203953030004088e-01,2.623609652293281691e-01,1.980676701907562731e-01,3.469480039487934375e-01,1.864027289345111527e-01,2.485224935520182754e-01
2.689816339264725631e-01,2.833101238755837414e-01,2.753826784461027577e-01,4.504951584133791709e-01,4.155104319282552638e-01,1.580482767508361308e-01,3.032134596793735204e-01,3.367250441642797854e-01,4.423369340704669250e-02,1.500000000000000000e+00,4.309041283719212689e-01,2.250726300109879285e-01,4.983874880393055484e-01,1.850590277917886217e-01,1.273545695049832505e-01,2.976988921571493973e-01,3.995249980176531768e-01,3.922073992477824178e-01,2.850037580460343944e-01,2.120510354006397702e-01,4.191611385557270086e-01,2.492996804186238813e-01,2.937498289352577507e-01,1.036253263876714958e-01,8.017651962691370315e-02,1.521039336073249926e-01,1.888336054058583069e-01,3.389765469141575727e-01,1.082871607994347063e-01,1.890697585932597513e-01,2.310213226853864710e-01,2.105519246724777693e-01,1.924615858282686942e-01,7.828322788360667084e-02,2.014502952430431426e-01,2.972064025708148205e-01,1.927579876639779755e-01,2.156178603679148875e-01,1.993620600882180516e-01,3.513915549968925633e-01,6.344072944694011118e-02,2.775768759093603100e-01,2.770144180143963575e-01,5.209227193986577104e-03,2.794131042209972438e-01,1.880024648073732596e-01,3.044453300827972830e-01,2.977826062160759957e-01,1.645113005554295349e-01,2.184541887228798607e-01,3.356862622743537194e-01,1.574527758372190334e-01,6.202324016029643616e-02,1.692040039976542842e-01,3.568168068232610013e-01,1.678361036329436007e-01,1.513935837276456919e-01,1.180868228447335966e-01,2.062574863006300385e-01,1.772851129284540028e-01,2.709250926459238484e-01,3.376501194089643332e-01,1.243306045922051295e-01,1.963089795236071522e-01,1.695835665316554053e-01,1.861908563556382290e-01,2.667577733271991325e-01,3.355331587413054040e-01
3.910116222743723613e-01,5.109841190619767159e-01,4.408533615963212138e-01,1.913148424254038082e-01,2.251267693498440747e-01,2.744085401598935214e-01,3.544525946423765506e-01,3.815591388600270140e-01,5.200399993870257198e-01,4.309041283719212689e-01,1.500000000000000000e+00,3.148864957012305621e-01,4.736248150031301396e-01,2.524683053520338505e-01,2.099682204068094304e-01,2.548188618665933047e-01,3.350546666677703400e-01,1.825567089667309850e-01,4.266643351334496043e-02,1.958337258022981309e-01,1.316799102327816662e-01,4.851270310112574258e-01,1.447718470558442549e-01,2.763573316436821470e-01,5.791806264336872567e-02,2.361060656644768940e-01,1.632577284097749271e-01,1.752505268226285939e-01,1.918616052856981224e-01,1.788585984183971855e-01,1.732758933102517274e-01,1.897397590976623305e-01,2.127847782001738020e-01,2.016765358753185577e-01,3.767190651298920612e-01,2.132566169708842718e-01,2.167212720071847176e-01,1.457507047542818679e-01,1.995100289169467189e-01,3.696713064876447352e-01,1.787865709082281374e-01,1.450410564176420614e-01,1.332863295075354115e-01,2.330164927875701952e-01,8.118770612593968761e-02,2.420874244990634527e-01,2.382314455599519043e-01,1.225424497858297185e-01,2.480993828462068618e-01,1.546768893395310540e-01,1.436298772261758727e-01,2.999765023732566815e-01,1.563729202470239277e-01,2.640456283296028217e-01,1.669963503660381321e-01,6.186893780781741597e-02,1.722385806612342085e-01,1.812144150862284309e-01,1.612804293978325754e-01,1.736443852261487231e-01,3.371105328481595054e-01,2.303407788054963601e-01,3.560085543366291461e-01,1.085520929802375467e-01,1.048330776269326692e-01,9.819092231042146623e-02,2.588746399428684120e-01,3.436268713508229822e-01
3.323002403969147478e-01,4.117588561701714944e-01,7.508889627246490006e-02,2.483173219642294538e-01,4.648459551384763744e-01,2.002205925780383144e-01,5.225273989376644224e-01,3.718876309568054372e-01,4.623982340813856950e-01,2.250726300109879285e-01,3.148864957012305621e-01,1.500000000000000000e+00,1.146856353640805237e-01,2.165076795500695817e-01,1.545251225400588735e-01,2.980824661959065036e-01,1.268641590292450827e-01,4.991915756527889880e-01,1.842008622083253777e-01,2.052378959609004183e-01,2.832506890576589331e-01,2.541710616217660590e-01,2.574732829801704148e-01,3.289741139631506273e-01,3.488735117211652081e-01,2.188448078624452564e-01,2.112693269369163296e-01,1.866629820800801975e-01,1.489556156575140289e-01,2.926582651780370026e-01,2.408304150011749412e-01,5.670190088673015411e-02,1.980759657109940064e-01,2.968745358223361455e-02,3.068019331158487045e-02,1.800618825438656534e-01,3.118729683766823246e-01,2.960342590067830543e-02,1.734295708926125723e-01,3.160726344125263099e-01,2.773637292788843078e-01,2.086561529675030335e-01,1.681075044161656762e-01,2.586455041643476171e-01,2.125013827541078759e-01,2.268071199688629913e-01,3.128073402321875918e-01,2.157541621876476468e-01,2.397576655220612640e-01,3.897139475911826079e-01,2.023508469403291765e-01,2.237725880444907667e-01,1.540359682392402063e-01,2.342856003913474372e-01,3.632562237309655551e-01,1.255063424207975009e-01,2.538673982854566802e-01,1.897775578387514428e-01,1.774760996997181151e-01,2.285375495880904717e-01,1.935893055629040460e-01,1.569704322275288777e-01,2.323781115930778074e-01,2.980729331745359256e-01,1.911965112937040745e-01,1.160659819155117900e-01,2.172860797044937620e-01,3.036141835897864794e-01
4.752593769539462110e-02,2.706845040737556052e-01,2.142278793749152199e-01,3.288837856935045156e-01,3.323225654062420542e-01,2.871878137804094733e-01,4.763467795096734125e-01,1.626413854048246732e-01,3.606617518010327150e-01,4.983874880393055484e-01,4.736248150031301396e-01,1.146856353640805237e-01,1.500000000000000000e+00,2.803264741559043927e-01,1.165581073691125402e-01,8.390812473443219621e-02,5.060178400541972543e-01,4.918335921566751034e-01,2.713696197303666069e-01,1.781018058238258706e-01,3.076422716659017453e-01,2.454292409677007458e-01,1.677819344091154297e-01,2.216085877370198298e-01,1.775340578248363332e-01,1.002411882322591097e-01,2.644704141405831987e-01,2.565279118532015623e-01,8.747402800344904195e-02,1.636974654560987286e-01,2.712121210402442806e-01,3.461083754676914648e-01,1.520555758934962198e-01,6.357381958825661372e-02,3.274375335485590899e-01,1.705042479919173237e-01,2.581496296148980685e-01,3.183316438653978064e-01,2.708762182067722124e-01,2.571443917030957760e-01,2.615807665159168849e-01,1.911775903710810076e-01,5.516435022494819290e-02,2.009600944065948469e-01,1.114209126325706595e-01,1.200939659811917914e-01,2.268347914011229483e-01,1.819825729218553234e-01,2.067856789551619778e-01,2.270175453518581687e-01,1.292766869065513635e-01,1.173113837576591767e-01,2.243194367902457964e-01,6.872209679568570817e-02,2.267278073564953644e-01,2.241612333465363704e-01,1.916215547857752499e-01,1.784120173225044459e-01,1.920936874474277190e-01,2.719734195289733591e-01,2.685328272405445027e-01,1.240387659070694981e-01,3.435246068671712338e-01,6.519785177462060488e-02,2.592769003122131766e-01,1.291035796021724191e-01,8.641407717264110167e-02,1.472678739309880025e-01
3.618076043500114691e-01,8.115600425828932429e-02,4.055322990711771047e-01,3.484200582754686248e-01,3.017170811035786437e-01,2.966026041937300795e-01,2.495994415254184084e-01,3.698902861895322358e-01,3.870847636395791658e-01,1.850590277917886217e-01,2.524683053520338505e-01,2.165076795500695817e-01,2.803264741559043927e-01,1.500000000000000000e+00,4.355525192105463295e-01,2.881422982927840382e-01,4.472677499726449013e-01,4.718884140897884327e-01,2.119475779546372840e-01,2.071303828005355563e-01,4.349960455154124883e-01,3.747965288838324138e-01,2.768503996052120719e-01,1.207044231140542156e-01,4.839828492903430757e-02,2.091519756693329124e-01,2.715580057288741189e-01,3.567723590945959256e-01,1.950912638837135615e-01,2.376731737124154198e-01,2.559915374530216114e-01,3.751260515771299708e-01,1.419237279417365771e-01,1.231653168526047476e-01,1.894673524209032345e-01,1.535108362891133837e-01,2.257494189826180775e-01,3.335950718821724115e-01,2.538397256659389867e-01,3.305480828443440044e-01,2.384960715033443424e-01,2.357085083220896160e-01,3.455373480902340089e-01,2.999645060449355194e-01,1.701887657030030643e-01,1.903250150001964125e-01,5.998495988989148431e-02,2.239549536373331429e-01,2.288174093972152878e-01,3.453483950149608961e-01,3.900199674773439928e-02,2.739406458066047656e-01,1.521329772468476005e-01,1.398307020341569284e-01,1.370452742077451491e-01,1.497180865099376756e-01,2.088480425290738240e-01,2.308686034078099025e-01,1.943764151138605567e-01,2.845855999444139028e-01,2.412025600183885787e-01,8.003222760252026724e-02,2.336313144410690767e-01,2.054891112437338685e-01,2.451194484675581209e-01,2.850294437124839542e-01,1.561448872454467840e-01,1.003847758516826644e-01
1.298622834977541940e-01,2.343826485436711626e-01,2.833810652322958923e-01,4.542736282890743604e-01,4.176722716213168152e-01,2.840901889502995270e-01,4.113644046501986340e-01,3.164861354220712131e-01,3.132164465098062900e-01,1.273545695049832505e-01,2.099682204068094304e-01,1.545251225400588735e-01,1.165581073691125402e-01,4.355525192105463295e-01,1.500000000000000000e+00,4.511532052611795796e-01,3.234448137772080178e-01,1.709466699563044201e-01,1.676869428292325215e-01,1.213641683377863351e-01,2.242017896543663236e-01,3.111959258425647801e-01,2.123190340848843394e-01,1.023503243348377334e-01,1.833036589737984667e-01,5.188765158456652010e-02,1.246624383789180224e-01,1.709495339650945744e-01,1.383711557970461747e-01,2.695569543531272094e-01,2.004785290458152014e-01,1.985637051371804684e-01,1.629787847250906141e-01,2.631972346382814854e-01,2.769192607672860129e-01,8.104909375543542516e-02,2.395173787275744481e-01,1.310482848909897691e-01,1.048395255545494786e-01,1.416806702896324377e-01,1.777098141058156000e-01,3.132730560521004848e-01,5.532067095546185087e-02,2.362412737438533417e-01,1.140724324227898878e-01,2.485425903628118716e-01,1.497162239076551549e-01,3.427169380402352861e-01,2.403246504226067004e-01,4.110466397729380106e-02,2.858730207055395697e-02,1.955775862980958513e-01,3.426486345751148521e-01,2.759312072764577572e-01,2.017812942500424589e-01,2.172690138965704398e-01,2.153270589326120033e-01,2.816628856081246912e-01,1.941116920632561804e-01,1.265029568194674936e-01,1.380352733588907366e-01,3.281986044487258947e-01,2.141744756920462844e-01,1.353996539480079309e-01,2.616789132115851513e-01,3.533461469896935769e-01,8.553523994644554596e-02,2.766360351685333008e-01
7.280999440274005252e-02,1.571047931414068510e-01,4.304554081044108527e-01,4.121889086081879094e-01,2.369681224345637216e-01,3.137852908892388437e-01,2.296522641875634596e-01,1.292382448451452337e-01,3.445782405554498329e-02,2.976988921571493973e-01,2.548188618665933047e-01,2.980824661959065036e-01,8.390812473443219621e-02,2.881422982927840382e-01,4.511532052611795796e-01,1.500000000000000000e+00,2.594804171735908271e-01,1.871697059194943613e-01,2.782055982688033113e-01,2.571097839014593323e-01,5.331404711715643785e-01,1.985763074980492759e-01,1.984262959398064574e-01,3.806174744925679976e-01,2.007549462789880446e-01,2.287798768764926494e-01,3.135887141551159107e-01,2.678154981273241780e-02,2.700183666017268447e-01,7.727569938632908308e-02,1.284529118298491646e-01,1.790281530707112656e-01,1.878972192558606702e-01,3.005938598866263467e-01,2.391708484196170270e-01,1.577056273888112758e-01,2.985537635578550120e-01,2.094287284889227441e-01,2.315934757729932458e-01,1.380559348523590080e-01,2.197655071188288622e-01,3.456553388618917033e-01,1.555294212650465968e-01,1.964809291867966323e-01,2.038155407378825779e-01,1.851027289317608848e-01,1.208918749943257709e-01,2.062996224385245936e-01,3.633635431829284057e-01,6.360129970916526820e-02,1.314556057251269894e-01,1.816897699614799799e-01,1.171129094607172294e-01,1.140202702072402458e-01,9.496003981730385957e-02,1.448702947947746733e-01,1.492914134531097281e-01,1.766443435756945013e-01,2.624508800125332497e-01,2.252968857288360494e-01,4.909762512030239889e-02,2.205504907238017287e-01,1.936083194978681365e-01,1.237189407578727363e-01,6.368769037094022811e-02,6.286409002489920517e-02,1.142932469317012034e-01,2.009777110685698753e-01
3.941203582627832436e-01,1.850205056518434144e-01,1.935237030423979099e-01,9.775856672305728579e-02,3.315029631074651872e-01,3.979479114938934137e-01,4.341478007589317234e-01,2.405266640834250458e-01,2.381471152234720945e-02,3.995249980176531768e-01,3.350546666677703400e-01,1.268641590292450827e-01,5.060178400541972543e-01,4.472677499726449013e-01,3.234448137772080178e-01,2.594804171735908271e-01,1.500000000000000000e+00,1.432153938631503531e-01,5.510475811976689453e-01,4.368278954636225508e-01,3.024662276620435075e-01,3.152160527948477675e-01,2.280039013888663924e-01,3.081483914436327076e-01,2.427532257197924925e-01,5.418685080259369458e-02,9.127933341227015274e-02,1.354347553211684152e-01,2.366501611513898429e-01,3.413561491501936329e-01,1.920950024931367683e-01,9.737129476301401021e-02,1.136372868263439417e-01,2.416910194044945559e-01,1.932460631777586646e-01,3.208622719336148288e-01,1.491523097820809662e-01,1.803096073688049139e-01,2.229072069052510652e-01,1.958915277492383200e-01,2.991790076387971231e-01,2.807427578690824266e-01,2.811312804568973922e-01,2.623152567811842251e-01,1.410815191558449644e-01,1.493262608817282067e-01,1.987680419805621101e-01,3.532630958053385450e-01,2.724993345572139236e-01,2.162402816585511645e-01,2.428373012275650000e-01,1.941110105836416633e-01,5.546513411872182331e-02,2.002327631526664153e-01,3.896007727886603433e-01,1.694779866846770067e-01,1.770583787896068961e-01,2.745632492302744199e-01,5.576597169337885185e-02,2.675897302635888986e-01,1.961399922339157054e-01,1.205702231096041077e-01,1.405638016330058582e-01,1.588652542182341088e-01,2.060783464792024788e-01,2.350423902800673481e-01,3.102559817440385115e-01,2.599807528605428963e-01
2.124123922261074715e-01,3.135542609276589232e-01,1.084773870139189300e-01,3.108640002966976956e-01,2.745093526201874967e-01,3.840565347052587453e-01,2.214959692507809386e-01,2.196024749614746696e-01,3.076989680940195315e-01,3.922073992477824178e-01,1.825567089667309850e-01,4.991915756527889880e-01,4.918335921566751034e-01,4.718884140897884327e-01,1.709466699563044201e-01,1.871697059194943613e-01,1.432153938631503531e-01,1.500000000000000000e+00,3.750564486797738906e-02,4.971753764373679774e-01,2.555058384623327683e-01,1.564531039162904980e-01,3.026038522683192622e-01,1.634598551248624687e-01,1.764619086707434892e-01,1.043448138164997374e-01,3.387401836179437242e-01,2.397881771873945356e-01,1.249369427927109061e-01,3.281849057307925088e-01,2.128821997238322661e-01,2.395847174023739423e-01,2.643758085823659787e-01,2.007578168413696185e-01,2.018045691382444884e-01,3.238091665840865385e-01,2.768765053201140414e-01,1.191995466807433957e-01,2.020345471721420316e-01,2.904798066687628300e-01,1.648148015690796553e-01,1.603619156212459373e-01,8.371219705077290185e-02,1.819877054031950880e-01,2.553139968683079131e-01,2.373103756745721660e-01,7.369641850218666690e-02,1.378360614663901029e-01,1.005095302019737985e-01,2.213299971705345315e-01,2.168552271230623496e-01,2.365783632094405342e-01,2.009931759156398656e-01,2.545898195632905203e-01,2.980352125018227438e-01,2.422802316991578830e-01,2.699588655679217158e-02,2.302872793908854743e-01,2.782667149136779372e-01,2.140205163131190247e-01,2.615772967217240286e-01,1.909872053965847583e-01,1.894523589627289673e-01,3.206677892641203731e-01,1.057305884676590368e-01,2.489967552995017153e-01,2.740246230909790248e-01,2.533173299619472241e-01
3.060903070376693735e-01,3.996828791300245376e-01,2.777388324940258668e-01,2.561366576853465471e-01,4.346740833950096805e-01,3.795930305615579647e-01,4.376656288218206403e-01,3.521658282164872311e-01,9.571523401845064005e-02,2.850037580460343944e-01,4.266643351334496043e-02,1.842008622083253777e-01,2.713696197303666069e-01,2.119475779546372840e-01,1.676869428292325215e-01,2.782055982688033113e-01,5.510475811976689453e-01,3.750564486797738906e-02,1.500000000000000000e+00,2.482711159087477859e-01,3.908085202809007397e-01,3.960680533369024259e-01,1.788357041532130376e-01,1.195400696230263932e-01,9.647805305983186974e-02,3.402190614074817598e-01,3.430644270770919629e-02,2.071520667420418960e-01,1.584197368494621172e-01,2.389291568042068437e-01,2.480328934622119119e-01,2.952400251558934263e-01,2.706816887420911977e-01,3.291606656461683600e-01,1.519904610639165321e-01,1.167288530586442497e-01,1.695875605342707371e-01,1.134304267961364909e-01,2.383749926051935975e-01,8.173905978803988615e-02,1.677532249886828919e-01,3.867216574692899922e-01,1.875508161199666013e-01,3.150470430949752210e-01,3.115833341137886903e-01,2.336482338303710327e-01,3.793447904138949611e-01,1.842548561569262167e-01,1.491080160473803873e-01,2.783477761413128970e-01,3.310843902563570529e-01,1.035283687984345780e-01,2.415916460977608760e-01,8.034247072857531036e-02,2.028231264063171113e-01,2.964162230496575345e-01,2.840791138569216390e-01,1.677472337022092308e-01,3.195386959009876571e-01,1.343918967881582438e-01,3.345841790596145171e-01,1.132654847343686905e-01,2.823573076684290362e-01,2.468121522255894429e-01,3.124177533214869684e-01,1.355083127529451981e-01,1.917390077230420320e-01,2.456010211553956712e-01
4.545582858039701746e-01,4.298047818765362016e-01,3.019587648490131837e-01,3.195426549321834786e-01,1.388124157599148201e-01,3.672360884400304171e-01,2.899935900163245206e-01,1.507945953927272154e-01,1.806760139880951854e-01,2.120510354006397702e-01,1.958337258022981309e-01,2.052378959609004183e-01,1.781018058238258706e-01,2.071303828005355563e-01,1.213641683377863351e-01,2.571097839014593323e-01,4.368278954636225508e-01,4.971753764373679774e-01,2.482711159087477859e-01,1.500000000000000000e+00,2.848475071022188998e-01,4.945729652568578438e-01,1.654172340520706497e-01,2.434461873962510681e-01,1.434372947124874509e-01,3.142678638253992851e-01,2.296072741938819661e-01,8.524530928724499690e-02,2.926290010622770166e-01,1.448764514629519995e-01,2.865745582217542053e-01,2.836448292612603339e-01,2.906207878558500490e-01,2.670877833230345111e-01,2.382607826442041943e-01,3.608963911093194810e-01,2.931385619741060447e-02,2.856457253838808330e-01,3.391141779371172338e-01,2.829386294393049228e-01,1.203166131872457634e-01,3.109027068252609993e-01,2.541619431575442567e-01,3.611813858484039796e-01,3.702372041191152041e-01,1.962479287375730463e-01,1.894628908304468173e-01,2.724378178048439403e-01,1.685962440309953514e-01,7.396706761137848696e-02,2.649346370819392060e-01,1.055586460200405863e-01,1.444843062623373808e-01,2.689283078367616930e-01,1.344914186353209085e-01,9.931518470143002597e-02,1.684660993908546345e-01,2.296314181747235172e-01,1.345180091030337977e-01,2.808465498087721612e-01,3.091770634148081065e-01,1.145317121692890211e-01,1.564801347403437792e-01,2.300005588372854293e-01,1.839842977731023232e-01,2.503744944247582316e-01,1.140093161078728629e-01,2.587066823663053405e-01
4.230953570189568413e-01,2.006117081185317397e-01,5.317635142869749920e-01,2.748108877030027153e-01,4.092795724741339347e-01,3.959639362471884527e-01,2.788855669514954672e-01,1.509702486120335641e-01,3.394839091412604759e-01,4.191611385557270086e-01,1.316799102327816662e-01,2.832506890576589331e-01,3.076422716659017453e-01,4.349960455154124883e-01,2.242017896543663236e-01,5.331404711715643785e-01,3.024662276620435075e-01,2.555058384623327683e-01,3.908085202809007397e-01,2.848475071022188998e-01,1.500000000000000000e+00,2.955424793989086529e-01,1.555374644443333620e-01,3.472260656572517257e-01,4.768448073359821127e-02,1.307850614296697245e-01,2.079623764346606452e-01,1.736517411391326482e-01,1.728260698583463095e-01,1.530305761869237835e-01,9.667850566811897473e-02,3.648366161403562291e-01,2.364742087083760436e-01,2.709562358566856011e-01,6.940228704361187106e-02,2.285707834886095968e-01,3.161729056135810234e-01,2.866460258581960963e-01,1.859578092120877935e-01,2.165313405616003939e-01,1.080534273493219399e-01,1.170666554211663296e-01,1.487449937772689079e-01,1.100008126429223437e-01,1.939787519027470208e-01,1.767456147790346932e-01,1.211528408999514583e-01,1.424859961959296095e-01,2.411320855216162184e-01,2.967044801156416556e-01,5.962188185323176459e-02,2.731283746690291725e-01,3.200743761671030058e-02,3.320283722755553724e-01,1.871569774526328778e-01,1.273774070495945487e-01,2.314480258013434932e-01,2.421606927184780933e-01,1.872532127867915230e-01,1.651812069951358874e-01,1.658439138967092719e-01,2.146536133240549982e-01,1.902713814854840868e-01,1.415542764029545098e-01,2.778271056081129675e-01,1.113392774999392015e-01,1.603235623990200143e-01,2.539931081181007189e-01
3.066987154857794273e-01,4.526950455075842705e-01,2.479500329073552611e-01,2.497038041257433061e-01,1.834212557083090278e-01,2.819052796424913465e-01,2.239375497395525993e-01,2.120899949279644314e-01,2.823172489386959194e-01,2.492996804186238813e-01,4.851270310112574258e-01,2.541710616217660590e-01,2.454292409677007458e-01,3.747965288838324138e-01,3.111959258425647801e-01,1.985763074980492759e-01,3.152160527948477675e-01,1.564531039162904980e-01,3.960680533369024259e-01,4.945729652568578438e-01,2.955424793989086529e-01,1.500000000000000000e+00,5.840742720544896127e-02,2.312023447379733532e-01,1.391967164113177557e-01,2.117356911774189721e-01,1.564337297432407681e-01,3.336318536664965584e-01,1.258269075801314307e-01,3.308973403858768703e-01,1.671156408026092111e-01,5.397745305824423745e-02,1.333137635756651007e-01,2.317161425097457317e-01,1.262982630813309082e-01,2.810368215595683283e-01,2.760701879235926692e-01,2.059690864406911459e-01,1.470833582695023622e-01,1.745928810215131022e-01,1.915748651570677030e-01,8.199711600383541299e-02,3.299956698948975919e-01,7.674245955715849887e-02,2.251583013655672483e-01,1.826792972308671770e-01,2.631206702153250365e-01,2.383254473566239762e-01,1.083119228584357024e-01,1.407005948716281152e-01,2.582955430656916906e-01,1.496259576302881866e-01,1.520353459627742376e-01,2.243674225257704657e-01,2.789796029648242692e-01,2.130709323430512725e-01,1.825409472700347813e-01,1.524989853923917060e-01,8.268913003213923529e-02,3.026337032646072567e-01,1.857366641471842050e-01,1.942306415853794488e-01,4.155944631785333382e-02,1.977861977690289486e-01,2.374347997547313904e-01,2.125135075469687107e-01,2.040359192266500976e-01,1.397896382566770346e-01
2.039308039538432760e-01,2.036846962529203497e-01,1.557253448234942328e-01,2.382521221375853149e-01,1.479288418797264359e-01,1.778426070303971152e-01,2.062716282401608203e-01,2.717233085368322421e-01,5.539021675662225697e-02,2.937498289352577507e-01,1.447718470558442549e-01,2.574732829801704148e-01,1.677819344091154297e-01,2.768503996052120719e-01,2.123190340848843394e-01,1.984262959398064574e-01,2.280039013888663924e-01,3.026038522683192622e-01,1.788357041532130376e-01,1.654172340520706497e-01,1.555374644443333620e-01,5.840742720544896127e-02,1.000000000000000000e+00,1.165895559002303600e-02,1.382796028350341544e-01,2.839544719103019865e-01,2.927236616035007177e-01,1.852615930935521682e-01,2.015840606701017612e-01,1.983170933871623298e-01,1.948649261793044818e-01,1.850692515470161448e-01,2.203857059557557188e-02,2.428535598906766124e-01,1.430593080357003555e-01,2.487461570370786412e-01,2.210713301735441061e-01,1.568754897795774650e-01,1.526049771652743248e-01,1.834822142644498832e-01,1.741252557984730165e-01,1.921746018005763834e-01,1.815933428176584319e-01,2.175167319701090674e-01,2.550773507748300140e-01,1.303145778451104964e-01,6.357983171867256922e-02,4.949305414568105910e-02,3.652067011952156439e-01,2.687876431359313978e-01,2.162153618627633278e-01,3.190547652794806233e-01,1.387923807923638897e-01,2.428134080279049090e-01,8.906872826819767219e-02,3.420080961362996774e-01,2.135907984998714482e-01,2.595308705611807931e-01,2.897653163487002304e-01,8.411586499735915212e-02,1.075125066650463312e-01,4.411995251024105474e-02,3.442760344901018010e-01,2.376231862417649277e-01,1.419011705631670062e-01,2.207337528362976475e-01,3.822745988346153423e-01,2.008296215635139714e-01
